11543,28
11540,47
11545,3
11549,50
3483,36
5986,11
5984,13
5985,54
6797,16
6794,33
6790,59
6791,42
6799,28
16252,55
16251,49
273,48
16257,3
16708,4
19975,12
16705,28
279,34
16707,38
16258,51
16700,1
12014,32
12017,18
12016,9
12011,48
12010,9
12380,52
17258,58
15482,13
17250,29
17251,21
17254,48
17256,3
10709,35
10708,58
9258,1
9259,51
10703,16
9525,14
9526,11
9255,33
9252,5
9253,30
9250,32
10704,39
15956,51
3958,25
6348,48
3511,17
3517,29
3514,36
2688,30
2687,44
2681,17
14626,12
14622,43
14623,1
14629,1
98,44
93,7
96,1
13059,33
13053,39
13056,56
13054,38
18703,28
18708,52
17829,45
17825,12
17822,12
20259,39
20252,28
20251,59
20256,28
20257,59
20255,59
1177,4
1176,14
1174,58
1173,6
1170,33
1178,7
7189,6
7184,13
7185,6
3433,39
3435,39
12831,7
12830,0
12836,2
12834,11
8017,14
8016,33
8547,55
8546,51
15281,55
8012,27
15283,33
8010,11
7455,14
7453,12
7459,59
2658,25
2742,16
4848,11
4595,0
10884,44
10885,4
10887,55
10883,24
16884,33
6537,41
8293,5
8292,28
15551,39
8294,59
15553,6
15000,43
393,11
390,55
399,59
2309,13
2308,6
4729,32
2301,1
13615,59
2303,53
2304,28
2307,54
19704,4
19702,12
16063,58
11283,32
11282,6
11285,17
11284,34
11287,3
17622,2
17625,1
3747,17
3744,11
3742,53
3743,55
3740,25
4621,55
4622,38
13532,1
4625,39
14539,1
11756,33
11755,1
11754,44
11753,39
11752,47
11751,42
11750,52
10695,3
11758,50
19560,48
19561,59
19562,34
16396,6
16394,6
16395,11
16398,11
16399,47
20887,1
20885,43
20735,43
20734,1
20736,44
20793,44
20888,43
13286,49
13282,9
13281,48
13280,30
203,22
17652,55
14166,33
21283,25
21281,59
21286,44
21287,1
21285,36
20089,39
20087,19
20080,19
10391,20
10393,14
10394,49
10398,16
7218,1
16935,0
16932,3
271,21
7212,25
272,48
7216,53
16939,49
12226,12
12227,33
6215,54
6214,53
6213,14
12223,24
6211,13
12221,12
16256,3
15708,33
6818,51
15878,6
15879,12
6811,54
6810,1
15702,33
15703,18
6815,11
6814,52
6817,1
6816,16
9755,3
9752,49
10573,4
19978,28
18930,42
18938,11
21429,11
8849,11
8845,48
8846,6
8914,30
11848,9
7669,39
18530,16
12249,17
1768,44
1769,33
1763,33
1760,1
1767,33
1764,7
1765,7
18646,46
19037,54
18313,11
692,33
693,33
690,33
691,33
696,53
1543,7
695,33
11111,7
698,32
699,44
11115,32
14476,24
8710,39
8711,11
8716,53
8717,18
11763,11
17923,49
5611,17
5617,44
5615,11
17925,56
17032,59
11568,25
11569,50
11563,1
11564,28
11565,23
11566,25
11567,52
3042,12
10702,16
9527,30
6778,53
6779,43
6774,53
6776,33
6777,33
6770,58
6771,32
6773,33
9964,32
9965,23
9967,53
9961,7
9963,14
259,49
16723,30
16230,46
16233,1
16232,11
19915,43
16234,4
16725,34
12033,14
12031,52
12036,33
12035,15
9509,24
9502,14
9503,33
9505,10
3688,16
3681,18
3680,44
3684,29
2518,52
2519,13
2517,56
2512,12
2513,53
3533,39
5058,6
3534,39
3539,49
5055,46
5057,3
5050,44
5051,13
5053,33
10760,10
10767,3
10768,17
14642,9
14867,19
14865,24
18549,9
18895,1
16745,39
18898,5
13070,9
13072,11
13890,7
13077,12
13078,33
18769,7
18768,24
18093,53
7896,51
18765,30
18096,46
18095,19
20270,30
20273,46
20274,7
20278,28
20279,47
10185,14
10186,33
10181,6
10180,6
10183,22
20376,28
1159,11
1157,44
1156,49
1153,11
1152,47
15119,10
15118,33
15111,51
15110,54
8036,25
8030,14
8032,47
8039,47
12858,11
8528,32
12853,12
8520,32
8526,53
12857,50
20693,38
16350,59
4297,19
4292,43
7261,44
4748,11
4742,45
4741,9
4740,45
4747,43
4745,25
19762,55
16003,33
19760,11
19761,59
19766,41
19767,12
16005,30
19769,45
17359,30
17607,44
17601,5
17352,39
2182,46
4609,30
4606,11
4604,30
2188,25
4603,48
4600,30
8683,49
12239,52
8681,39
8138,49
15345,53
151,52
153,24
152,33
20869,30
15430,49
157,54
20865,35
20715,46
6456,28
20712,13
20711,32
15348,34
19155,11
8137,39
19635,5
6187,44
6186,59
6185,32
5934,12
6181,50
6180,11
6189,49
6188,51
2725,39
5931,44
2720,6
15713,11
2729,53
2728,11
9190,49
7234,12
7235,33
7940,12
9194,36
7942,33
9196,9
10377,9
10375,21
7948,7
7949,6
10371,2
9744,29
16918,23
16916,59
16917,12
16910,32
16911,23
16912,44
16913,34
12208,48
3089,12
6235,33
6234,25
12207,32
6231,4
12201,54
6233,32
6232,44
10565,33
10518,12
9779,1
17291,48
9777,0
9771,29
10515,55
14981,4
18953,32
14983,43
14982,41
14985,4
8863,53
14987,39
18955,23
21404,11
14988,16
21406,44
21401,11
8868,59
21403,46
818,59
811,6
10233,47
816,58
817,6
5264,29
1706,18
5260,9
1708,33
14180,7
5269,34
5268,30
15851,14
14324,7
18374,9
11134,12
11133,5
11132,44
18371,31
17980,39
17981,5
16377,28
17986,11
3028,45
17988,7
3026,41
3025,11
3023,11
15580,40
15581,16
8738,59
15585,6
8736,33
8734,22
8732,11
8733,6
8730,11
8731,32
3957,54
4194,28
4192,16
4193,33
5670,5
5671,1
5672,1
5675,55
5677,28
5678,59
5679,13
8836,11
6437,18
15327,52
15324,12
6434,29
6433,12
12443,17
12441,54
8198,35
8199,58
15329,48
6758,9
6759,52
6752,55
6757,0
9943,36
9940,18
9941,53
16216,11
19935,12
16214,0
19933,25
16212,2
16211,1
19930,12
16749,45
16219,52
12050,53
12053,12
12054,11
12059,18
236,48
237,0
232,48
233,9
2538,1
2539,25
2532,5
2530,30
2534,1
10922,53
17164,41
17163,24
5072,44
5070,39
5071,53
5076,15
5077,51
17168,35
17169,22
9560,18
9561,31
9562,13
9563,53
10749,41
10748,54
932,17
10744,24
10743,29
10742,10
5382,10
5385,53
18563,29
11837,26
18567,30
18566,11
14666,55
14843,54
12852,12
13096,30
13095,16
13092,4
13093,15
13090,50
20298,1
20299,25
20291,7
797,5
9385,33
11181,16
793,58
9381,1
9382,12
9383,1
9388,6
9389,44
1138,25
1137,14
1135,32
1134,59
4974,14
15138,5
15130,25
15136,32
15321,34
7148,33
7149,42
7146,33
7141,6
7143,0
18746,30
2149,34
2148,32
18749,34
8501,33
8051,53
12874,14
8056,25
8506,54
8509,11
12878,16
7498,33
2886,33
2887,7
2884,41
16986,53
7490,1
7491,32
7496,30
7497,51
7494,1
7495,50
16393,33
3276,38
1288,52
4765,50
13656,53
4768,29
11249,29
11241,34
8767,28
11243,16
11242,38
16029,1
5808,54
16021,11
16022,50
16023,53
5807,9
19745,32
16026,1
17372,49
1572,18
687,53
11798,49
11793,54
11791,45
11795,9
680,44
7843,4
20840,57
16636,30
16688,11
16684,24
16685,1
16687,4
16680,24
16681,22
10354,58
10355,0
10356,49
2708,25
10352,3
4881,9
4884,11
2700,52
4887,18
7963,1
10688,34
7961,45
7966,17
7967,42
7964,12
9178,58
10682,22
7968,12
9172,41
9171,21
6119,30
16978,49
16979,17
3951,53
16973,3
16970,0
16975,45
17081,1
17083,3
17082,12
17084,36
17086,51
17089,49
6252,33
12260,9
18407,19
12266,7
6254,28
10530,3
10532,59
10534,15
15639,54
10538,23
8545,6
8544,12
19828,41
9712,0
8015,30
3474,34
10923,44
3477,17
836,1
837,14
3472,49
3473,45
21462,12
8541,53
21460,13
839,58
21466,54
18975,24
8540,59
20593,59
8543,9
20596,32
20598,52
12912,9
11623,5
6222,6
19998,48
15637,33
1729,1
5245,9
1727,59
1722,59
1723,31
5243,45
15832,34
15833,34
15831,24
13131,23
15834,14
6802,33
9003,13
13139,9
13138,15
3007,39
14300,28
3001,29
3003,30
18354,7
18355,47
18356,49
18357,3
3009,12
18351,18
20334,46
1588,3
9108,41
17968,24
20332,59
17967,13
17964,29
17965,18
1586,33
17963,48
17960,11
1585,14
7939,55
12483,9
9102,51
10676,11
5658,57
5659,42
5657,44
5654,13
10674,11
5650,32
16727,11
15308,12
12469,9
21093,11
12464,9
6414,45
15306,42
15307,14
15300,33
12461,39
6413,48
15303,17
7776,33
7774,13
21143,12
7771,3
3917,33
3916,20
19483,39
19482,1
3910,12
19489,36
3918,51
8314,16
6731,51
6732,53
6733,33
6734,6
8311,53
8313,59
6738,7
6739,33
8318,28
9928,18
9929,1
9920,1
9923,39
9925,10
9926,49
9927,18
19263,51
19262,45
214,6
19267,25
213,9
210,25
211,49
16762,3
16761,9
6088,33
12078,44
12077,25
6084,59
6085,11
6082,11
6083,36
11572,33
15060,38
3649,59
3647,33
3645,20
3643,1
2550,48
2551,24
2552,24
2553,35
2554,39
2555,9
2558,52
2559,42
11476,33
11477,51
11475,7
11470,32
11478,32
11479,50
5012,33
5013,23
5015,25
5018,44
17148,16
17419,30
17417,31
17146,17
17412,12
17411,45
4419,7
4412,33
4411,1
4410,53
918,30
9549,55
9547,33
9544,1
9543,49
14828,49
14826,0
20105,28
21363,30
21362,32
11817,9
18504,24
11812,54
15153,23
15152,44
15154,3
15157,33
15156,20
7168,51
7161,35
7166,2
7167,33
12898,43
12897,33
12891,9
12890,42
12893,59
12164,2
1111,43
1446,23
1445,25
12166,14
1117,44
1440,16
1118,24
3707,42
1449,15
6520,44
6523,7
15013,17
1803,32
6524,25
6527,1
6914,1
13611,30
6529,47
4788,14
4785,45
4781,45
4780,33
5822,29
5827,31
5826,36
11260,3
11265,35
15548,32
1801,11
19703,1
9674,56
19441,1
5849,9
14540,15
10108,32
199,11
198,58
11065,17
196,46
191,30
11983,18
10107,3
15496,33
8663,3
17315,27
17314,16
17317,51
17316,36
17318,45
12790,0
12791,0
12797,11
9155,56
2769,1
2768,1
10335,11
2763,9
2762,2
10338,29
2760,24
2767,30
9158,34
2765,21
2764,35
16950,9
8668,29
16404,5
16405,7
16403,31
16400,52
16401,33
7901,41
7902,14
7903,53
9487,1
9486,4
9484,53
12240,14
6273,43
21199,32
12244,15
6274,59
6277,12
13530,58
6279,50
21193,13
21190,57
21191,4
21196,44
21197,20
21194,32
21195,28
20822,59
20825,59
20824,11
20826,46
20829,35
9733,54
9734,16
4081,29
9738,38
16719,23
21336,7
21337,25
21333,1
21330,46
21447,25
21448,14
16714,1
21339,19
3452,48
16715,32
3456,29
851,24
852,18
853,17
3459,16
859,14
248,48
16710,16
19963,11
10586,10
8905,29
14146,38
5228,16
5223,29
5222,16
5220,21
5226,1
18816,28
13113,23
15819,32
13110,44
13116,21
13115,54
13114,4
15810,54
15811,55
13118,44
15816,22
3063,11
3062,55
14499,24
18339,12
3067,29
17943,39
18332,30
3069,12
18336,12
18334,1
16392,33
20311,1
20310,32
20314,59
20319,25
16390,33
7570,16
19137,11
5723,44
1306,48
1300,50
1301,52
1303,1
1308,22
498,12
494,7
20883,52
496,11
497,17
490,25
15368,38
12409,54
6473,41
15363,55
6471,29
6477,49
6476,28
6475,8
6474,33
16706,12
7755,23
7757,34
7752,52
7839,5
3939,12
19464,51
3937,53
19466,23
3931,0
3930,22
3933,1
19462,42
8331,2
8337,25
8334,53
8335,44
6716,3
8338,32
9530,33
6710,12
6711,25
9906,31
9907,17
9904,6
9905,36
9902,33
9903,21
9901,33
9909,55
19208,51
13757,2
4041,36
13753,5
4043,20
4048,21
3667,4
3661,9
3660,36
3669,13
3668,4
10122,10
2578,5
2579,33
13966,29
2577,55
2574,11
2570,1
11459,49
11455,22
11450,39
11451,1
11452,52
17434,9
3592,30
17436,56
3597,29
3596,12
17432,9
3594,30
3599,17
3598,1
17128,9
13320,31
13321,9
17123,45
4439,33
17127,11
977,48
976,59
971,29
978,1
20129,7
4159,53
10470,53
10473,54
10472,53
10478,32
11872,11
11873,12
8925,28
11877,25
18835,35
11878,14
11879,32
18523,48
18830,13
8928,33
15179,17
3387,18
15175,32
3384,5
15171,3
7100,29
7102,16
7104,19
7107,53
7109,51
7837,33
1681,9
1680,35
1682,54
1684,1
1686,35
1689,14
1688,29
14771,9
1469,25
1467,32
1466,18
1461,32
1460,43
15913,54
5800,0
4239,14
4238,21
4237,38
4235,11
4233,41
5593,33
5592,52
5595,44
5594,32
5597,1
5596,12
5598,10
16568,6
13694,24
4215,26
317,16
315,12
314,36
11201,29
11202,54
11205,29
20909,56
7217,1
6217,55
12225,12
12222,42
13908,35
12229,9
6819,11
12676,1
15709,33
2291,1
15404,24
2297,12
19697,6
19690,11
19699,27
8696,31
16163,11
10917,28
19642,32
10913,36
17338,35
19645,42
17335,3
17334,38
17333,9
6813,59
10918,11
19312,12
10318,29
7922,32
10648,16
7297,33
10310,54
15704,14
10644,29
10313,11
10642,3
10315,34
7928,20
16428,32
16429,49
16424,46
16427,24
16420,11
16421,18
16422,15
6299,52
6298,52
6297,46
6295,33
6293,14
20807,46
20804,44
20803,28
20802,52
20801,59
20800,28
21318,12
21319,1
21315,59
17593,39
17597,51
17596,12
17595,12
3430,30
875,48
873,48
4592,12
4593,30
4591,11
2033,25
2744,22
2746,16
4845,45
4841,12
2039,1
17569,12
5201,39
5203,24
14168,33
5207,58
5209,2
11990,25
11993,44
3486,29
11994,33
11997,19
11996,55
13170,49
13172,9
13175,51
13174,53
11191,9
11193,58
11192,12
11197,9
11196,11
11198,3
18648,57
17922,29
3048,30
16300,27
3040,40
3043,39
17929,48
3047,45
3046,50
20379,11
20378,28
19862,15
20371,4
20370,46
20373,57
20372,4
20374,44
20377,39
19864,12
16307,11
1096,43
1090,33
1099,5
11674,53
15698,51
15692,43
15691,18
15694,35
15695,46
1322,33
1320,28
1326,33
1327,28
1328,23
6907,53
6450,27
6453,39
12423,48
6455,32
6454,46
6457,33
8685,17
8134,30
6458,52
8688,31
8689,17
8130,11
8131,30
15438,16
6908,11
7739,25
7733,1
7732,33
7730,50
7737,11
7736,53
7735,50
7734,43
19199,31
19198,36
1916,36
19448,1
19191,39
3952,25
19193,30
19440,15
19447,12
3954,59
8359,17
8350,59
8351,1
8353,12
8355,50
20266,46
4063,49
4061,45
4066,48
4067,16
4064,11
4065,34
4069,17
5787,16
5780,12
5782,58
5783,9
5788,49
5789,5
3603,6
3602,14
3601,33
3607,12
3605,27
3604,59
3609,30
19993,35
11433,33
11430,39
11431,5
11435,12
17452,0
17103,38
17457,50
4453,30
4452,33
4451,4
4457,28
4454,33
4459,57
4458,9
952,48
955,39
17655,32
20142,41
20140,28
16856,3
16851,11
16850,23
16852,39
16858,32
6335,34
6337,0
6331,11
12163,44
12162,45
12169,44
10453,18
9675,39
9677,1
10109,33
9671,33
10455,3
10105,55
10459,44
10458,12
9678,8
10100,35
10102,1
12094,5
11858,9
11859,29
8909,51
8908,33
11850,29
6060,48
18811,5
8906,17
11854,5
11855,29
8903,49
7128,7
7124,35
7120,18
1667,11
1666,51
1665,51
7954,50
2825,23
2826,52
2827,47
2820,25
5414,33
5415,32
5416,25
5417,14
3382,6
5411,11
3380,55
3381,11
14755,32
14757,39
14751,33
14752,59
3389,30
1409,22
1406,41
1404,32
13904,53
1546,33
4216,43
13900,29
4210,33
4212,12
2608,33
19453,51
4219,8
4218,32
18104,3
1545,33
18101,38
18109,36
18108,30
697,48
3261,11
5579,53
5576,14
5575,14
1541,44
5573,25
11113,12
11112,32
338,0
334,12
3266,12
331,54
330,58
11228,34
11227,29
11225,3
11222,35
11221,29
11220,29
19050,11
19053,34
16628,46
16196,0
16625,28
16622,38
16623,59
16621,1
16197,9
12758,58
12759,54
6107,8
6106,6
6105,14
6104,7
6103,1
6102,23
6101,5
12751,9
16995,11
16997,30
16992,12
16993,36
9111,28
9110,54
9113,15
9444,28
9115,59
9117,33
9116,33
16448,4
16449,51
12281,11
16442,21
16443,11
16441,13
12288,6
16444,1
12755,3
21480,43
12752,9
21488,15
21489,43
3416,24
8022,55
21378,18
3415,11
3413,24
21372,33
21373,46
21371,45
21376,11
8020,24
3418,1
8021,20
8026,52
10665,3
10661,39
10662,49
2016,44
2010,16
2013,41
2012,31
18481,34
14103,44
18483,29
18487,58
18488,9
17716,12
17710,12
17712,32
17719,12
13157,39
13151,12
9033,51
20680,32
20682,49
20685,25
13159,22
10593,54
10596,24
10597,23
10594,22
10598,25
10599,52
18667,54
18660,11
18663,41
20357,28
20353,28
20352,24
17900,29
17901,29
10253,25
17906,19
17907,16
10255,0
10254,8
9445,30
9443,5
12992,42
12995,1
12996,1
12286,53
1340,53
1341,33
1342,33
1343,49
1344,43
1345,33
456,43
1347,49
8119,9
6929,16
6928,11
15415,22
6927,45
6926,0
15410,9
15411,16
8115,11
7710,58
7715,1
6522,15
8374,16
8373,12
8370,12
8378,33
13711,12
13715,18
13714,1
13717,46
3971,32
19420,12
3973,26
19422,59
19424,59
3977,44
19426,17
19428,24
3629,59
3620,6
3623,6
3622,42
3625,2
3624,59
3626,44
15797,44
11413,34
11416,25
11418,55
16299,32
16297,32
16294,34
17478,48
17479,24
17470,39
15790,32
4470,49
4472,46
4475,7
4474,30
4477,11
4476,14
19865,32
2467,22
2462,51
1024,53
20161,46
2468,22
20165,28
20166,46
16873,1
16872,1
16871,21
20893,19
16875,41
3417,1
6312,6
6313,23
6310,44
6311,4
12147,9
12146,41
6315,10
8530,25
12149,52
10439,33
10129,12
10128,12
9657,3
9654,35
10431,32
10430,59
9306,33
10432,1
10435,51
10434,18
9302,16
10436,52
18870,32
18875,14
8969,52
8968,33
8962,54
8961,10
8965,25
1644,59
1643,14
1642,7
1649,42
1648,33
18294,32
2809,33
2802,1
2803,53
2800,53
2806,25
2807,52
1420,33
14739,3
1425,51
5437,7
1427,9
3364,30
1428,25
5438,14
3367,12
3360,9
6323,7
4273,28
4277,1
4276,32
5555,13
5556,32
5559,12
5558,38
13482,21
4867,56
8588,39
8581,7
8580,44
8582,52
14340,45
5880,10
5889,11
5888,24
8275,25
15065,25
6556,35
15061,12
6551,25
6552,13
15062,4
16013,4
19775,9
16016,52
5879,16
7504,10
7505,28
354,0
7500,31
7501,45
9880,29
7508,40
16604,12
3759,1
16607,48
16600,55
16602,25
3100,1
16608,32
12774,9
12775,26
12424,48
6121,53
6120,6
12772,48
12778,48
6128,10
10115,6
10440,53
10959,48
10110,1
10950,1
16460,11
21175,25
21176,25
21177,21
16465,1
21173,43
16468,33
16469,33
15970,51
21178,13
21179,18
12426,48
2259,6
2257,16
4637,49
2253,43
2252,13
2251,41
21350,4
21352,28
21354,59
21356,46
21357,1
21358,12
21359,46
19913,9
13787,11
2785,2
4801,33
2787,33
4803,4
4804,51
4805,32
2783,49
4807,17
4809,39
2789,25
16726,33
9465,1
2079,6
10601,14
10606,36
11602,11
2073,2
10608,3
10609,32
4098,29
11954,51
18465,9
17738,12
9792,16
9797,39
9795,39
9799,48
14389,31
4027,21
18602,43
18600,1
18606,44
18604,35
18605,1
20401,7
20400,28
20407,7
20409,39
20453,52
12978,1
15656,39
12974,12
15655,6
8794,52
15653,48
7080,49
7083,59
7085,6
7087,49
7088,16
9807,25
20421,59
20420,30
15384,39
6494,9
6497,51
15387,29
15380,29
6493,10
8177,1
6499,11
6498,51
15478,54
15479,12
6943,49
6941,31
15471,16
15476,32
15477,25
6944,54
19966,32
15446,35
20358,46
8399,52
8394,50
8396,51
8391,18
8162,49
4398,33
4399,33
4397,33
1366,25
1367,14
1364,14
3194,6
3192,39
474,5
478,38
3199,0
3198,11
4026,0
164,18
13735,53
4025,33
4023,24
4021,28
13292,49
4028,30
4029,25
11381,18
11385,49
11386,12
11387,17
19159,50
19409,12
3997,2
3996,32
3994,14
3993,1
3991,11
3990,51
299,18
293,49
290,35
2440,33
2447,55
12524,29
2449,48
7867,11
7866,6
7865,38
7864,6
7861,33
7869,29
12520,43
16819,50
16818,32
8091,17
16811,38
16810,4
16813,32
16812,43
16815,50
16814,32
16817,7
16816,32
12128,33
6372,29
6373,24
12125,9
12127,53
10140,55
10414,22
10411,46
10146,1
10419,12
10418,39
9638,11
9328,55
9326,48
9324,5
9637,12
8940,42
8943,54
8945,1
8944,11
8947,11
8946,59
8948,2
18851,45
5407,50
3394,41
1623,49
1622,41
3205,11
1620,47
1995,9
1626,12
1996,11
5188,29
1628,20
2862,3
559,11
558,11
2866,44
2867,42
555,6
554,33
557,50
551,12
550,19
553,12
552,53
5054,33
14715,1
1198,14
3348,22
3349,27
1191,25
5451,4
1193,53
1192,13
5454,53
3347,45
3344,1
3345,49
4259,31
4258,44
4253,33
4257,40
18149,51
5532,8
5530,44
5537,6
5535,4
5538,25
18145,42
16574,53
6572,33
6573,25
6576,35
6577,6
15045,21
6575,33
6578,30
15048,35
5100,4
6220,53
7694,6
7696,27
7690,6
7693,1
7698,41
6227,23
3830,31
3831,6
3833,24
3838,9
3839,1
12668,12
11102,55
379,38
378,34
7520,33
7521,3
371,11
372,11
6655,12
377,17
376,51
16662,32
16663,12
19364,41
19365,15
16667,24
16664,34
16665,52
16668,32
19368,1
19369,4
6147,7
6146,7
12714,22
12715,50
14646,52
6149,25
12719,1
10971,51
10972,4
10973,14
10974,43
14860,29
19653,9
10978,12
19650,59
6920,9
16171,16
5919,42
6922,39
19657,32
21112,25
21113,46
21117,46
16488,1
16486,4
16487,34
19307,22
16480,44
16481,53
2275,13
2276,44
2271,12
2270,15
2273,18
9763,0
2279,32
11597,38
11599,1
11598,42
17282,3
17538,1
17285,3
17284,29
17289,48
2055,59
2054,54
2056,1
4827,7
4536,5
4537,12
4820,43
4821,33
9403,54
11622,44
11621,32
7983,11
11627,2
7985,2
9405,43
7987,59
11629,28
10623,3
10625,49
11979,53
11978,52
11977,32
11976,43
17758,9
20648,28
17751,32
17753,28
20646,52
20641,38
20640,59
13199,47
13192,47
13191,15
13190,29
13197,12
13196,11
13195,42
13194,1
20469,0
20468,8
20398,11
20393,25
20392,14
20463,46
20465,35
20396,24
20395,43
16311,47
10088,1
10089,44
7322,53
7323,26
10085,6
10086,51
10080,54
10083,52
18445,58
21060,12
18443,3
18448,48
15674,18
12956,38
15672,1
15679,23
8225,17
800,58
7068,11
7067,30
7066,16
7065,12
7064,1
7063,6
7061,18
7060,6
18621,48
18627,32
6961,1
15451,16
12480,36
15453,39
15902,33
12487,53
15900,38
15457,33
8624,9
15459,29
12488,16
8155,29
15908,59
15909,59
5898,28
16370,1
9988,36
9984,51
9985,32
9981,53
11025,30
14504,11
11027,6
14506,1
11029,1
11028,13
416,58
410,23
1384,4
1387,48
1381,59
1382,33
11369,11
11362,12
19178,13
19171,32
19170,32
19174,46
1771,11
19280,12
19283,11
19285,48
1773,58
19286,38
19826,12
6689,1
6680,52
6681,15
6682,12
6683,33
6684,33
6685,33
6686,33
6687,6
2428,18
2429,47
2421,7
16837,33
16836,33
16347,14
16346,25
16833,24
7848,53
19823,5
16342,25
7845,33
7847,1
7841,59
16348,44
16839,33
16838,33
6356,29
12106,11
6352,39
6353,16
6350,9
6358,59
9343,24
9612,33
9613,33
9346,32
9611,44
9348,31
9349,16
10165,44
10163,33
10162,33
9618,1
9619,5
21255,4
21254,59
21257,4
21256,28
21251,1
21253,12
21252,32
21259,59
14888,11
1815,49
1816,53
14881,3
12084,39
14886,38
6070,1
1608,52
3229,1
3228,9
1601,6
1975,56
1602,25
3223,1
1606,11
13276,48
1555,33
13274,21
2163,33
13270,39
13271,10
13279,45
2849,33
2847,18
2843,9
3320,11
5477,35
5474,53
5475,25
5472,16
5473,54
5470,34
5471,48
3329,45
14263,6
9894,25
3970,35
5042,34
18166,13
19427,28
18160,27
20485,5
5511,16
17993,1
5517,6
5516,1
536,33
535,4
534,23
533,32
532,12
531,33
530,7
539,23
538,52
1909,48
4000,25
11105,41
15029,12
15028,8
15590,59
15020,16
15023,59
6514,33
15024,51
15027,4
15026,34
8707,29
15594,59
3817,25
8704,11
8457,14
8454,6
8453,39
8458,59
7548,24
7541,34
7544,34
16648,1
16649,48
16139,0
19344,12
16641,32
16642,46
16644,18
16645,8
16130,24
19343,1
6169,30
12731,9
6163,30
6165,43
6166,30
10998,5
10999,14
10992,12
21138,19
21130,39
21131,48
21132,4
21133,51
21134,51
21135,43
21136,32
2213,33
2212,50
2211,33
2219,1
6130,33
17519,48
17518,1
17513,11
17511,0
8521,25
4518,24
12580,33
13462,10
4510,1
4517,25
11649,25
9428,23
11103,54
11643,6
9422,33
9425,44
11644,47
9427,32
17777,1
5288,3
17775,12
18205,24
17773,52
17771,30
17770,1
5281,30
5283,16
5287,12
5286,41
20669,13
20668,7
20662,17
20660,28
20667,10
20557,46
21394,12
21391,35
21393,11
20915,50
20446,59
20917,1
20443,59
20442,59
20913,43
20440,32
20919,30
20918,46
20448,59
9025,9
10240,10
7302,13
9288,5
7305,1
9285,11
9284,6
9287,52
16470,33
9280,53
9283,12
11910,18
11913,9
18421,0
11915,11
11916,12
18429,21
15613,4
15610,9
15616,42
12937,12
9477,33
7045,51
7046,53
7041,55
10200,30
18686,1
9475,15
7049,58
7048,14
10208,1
10209,3
18399,0
18392,38
18394,38
21536,34
18396,35
18397,0
8608,3
8602,3
6985,54
15920,12
8607,39
6981,29
14697,47
2983,45
2982,49
2985,21
21166,43
1019,16
1015,53
1016,55
1017,44
1010,25
1011,14
1013,52
4358,44
4357,7
4351,43
4353,47
11007,30
14525,4
14524,23
438,34
439,34
436,41
435,53
11344,17
11340,23
11348,5
11349,1
19113,5
5708,10
5707,33
5701,33
15337,12
15336,32
2247,41
15785,12
20168,18
9101,52
16587,50
16585,34
16584,32
16583,1
16589,55
16588,55
12697,1
12696,39
12694,9
12692,2
12690,0
12699,11
12698,41
10834,12
1433,25
10831,16
10833,6
10832,53
10839,25
5355,40
19803,28
19802,38
21095,59
16360,7
19807,35
16365,47
7823,2
16369,53
7820,12
7826,46
7825,16
7824,19
17180,21
17182,1
17184,11
17186,21
9369,33
9366,28
9364,43
9365,5
9363,11
21272,28
8987,5
8986,28
8981,25
21275,18
8982,0
21278,11
1832,48
1836,11
1837,13
1835,1
3795,20
3797,11
1839,0
3790,18
3793,48
3792,49
4981,5
2155,39
4983,30
2405,53
2151,51
4987,58
2153,33
2159,11
2409,28
1951,3
14069,26
1959,39
3243,53
3241,12
16874,24
1990,48
13258,9
13255,36
13256,49
18986,1
18988,1
1483,33
1480,16
5499,36
3309,42
5494,28
5495,32
5496,40
1488,6
3302,49
3303,30
5492,32
20058,31
10612,59
1438,52
18188,12
18187,12
18186,30
18180,32
18182,24
2792,54
2065,34
518,45
11043,21
513,33
512,33
514,33
517,33
1226,0
1225,23
1220,42
1229,59
1228,41
8291,15
15006,32
6534,32
15004,54
6532,6
6533,32
8297,23
8296,13
8298,38
15559,4
15558,7
6538,5
6539,55
19763,38
15560,9
11049,14
16006,39
11048,1
5868,38
3879,5
3870,14
3872,25
3873,55
3874,15
3875,33
8479,41
8478,30
8475,34
8472,11
9652,15
7568,58
7569,49
19329,48
19325,38
9305,16
8244,3
4167,11
4165,39
4161,1
4160,53
4169,4
9301,25
20698,11
2239,24
2238,33
998,14
2231,48
2230,6
2234,25
2237,51
2236,59
5937,53
16115,22
5935,1
16117,24
16110,53
5932,2
16112,54
5930,4
19639,44
5938,33
17573,11
17574,1
17576,1
17579,11
3492,17
3490,29
3491,11
2097,12
4574,29
13404,39
4576,48
2092,28
4579,51
2099,4
11667,59
11666,32
11664,59
11663,12
11661,11
19906,38
20600,13
20605,32
17798,5
20606,4
17795,14
17791,15
11308,44
20932,8
20931,57
20930,4
20937,46
20936,30
20938,14
11301,18
7362,51
7363,6
7366,49
7367,47
12316,9
12317,11
18402,42
11934,9
11933,6
12318,18
11930,33
12919,9
12910,24
15632,28
12914,52
12915,28
15636,39
12917,55
7023,2
7020,29
7027,49
7024,54
10224,9
10225,7
7029,58
10227,44
10222,6
21517,56
21512,19
9833,51
20432,15
15944,46
7591,9
7791,1
7790,47
7797,16
7796,20
20719,31
1039,1
1032,5
1033,4
1030,49
4378,44
4372,7
4370,13
4371,17
4376,18
4374,6
14549,33
11060,59
11063,1
14542,42
14545,33
14544,27
14547,33
15494,41
15495,28
8662,35
17899,39
8666,54
8667,35
17892,48
17896,49
4080,9
13790,11
4084,22
4085,16
4088,29
4089,29
11322,39
11320,18
11327,54
11324,54
5729,33
5722,33
19136,11
5720,33
5721,33
5727,49
5724,0
5725,25
11498,0
11499,28
11490,54
11492,41
11494,32
11497,53
8085,11
8087,34
8080,35
8089,17
19790,13
16569,59
19796,1
19799,1
16561,44
16563,12
12679,51
12674,4
12677,5
6647,33
6641,50
6642,4
12672,4
10811,49
6184,30
10817,6
10816,29
7802,35
21078,11
19860,51
21077,59
21076,48
21071,1
16304,9
21073,1
19866,12
12531,59
2396,33
2397,33
2393,7
2391,33
2398,6
4135,11
21219,28
21218,7
21211,59
21210,41
21215,50
21214,44
2722,29
1858,39
3841,6
1853,32
5690,54
2173,53
2175,17
4965,17
4964,41
4963,5
1933,9
1932,21
3263,53
5431,53
5128,14
3264,11
1934,0
3269,18
5125,30
5126,53
5127,39
5121,11
5123,30
1429,31
9192,29
13231,9
13236,48
13237,49
14220,39
14957,45
14954,4
14736,11
18210,11
14959,45
20038,39
20039,54
20037,12
20034,31
20035,17
6886,12
6887,12
6884,12
6880,25
6881,33
6888,27
1209,11
1208,55
1205,59
1207,35
1201,0
1200,14
1203,41
15571,1
15570,32
15575,31
8276,6
15579,9
15578,9
8270,32
16094,0
16097,49
1351,7
461,33
6668,13
12204,32
6669,28
12205,12
1354,24
9809,9
7584,9
9804,49
7583,9
18120,43
12202,53
12203,42
6483,58
12654,36
15391,34
6481,16
4149,32
4145,12
4144,33
4146,51
4141,43
4143,53
4142,25
3856,12
3857,6
3853,25
6485,25
14859,6
3858,33
19667,32
5964,0
5965,11
16173,29
16170,16
19651,15
19304,13
16177,58
19654,54
16175,29
19308,4
5914,33
19658,35
16140,29
5911,28
5910,12
5913,4
5912,59
16327,31
17559,12
17558,52
17556,32
17554,33
17221,10
17551,1
19844,48
4554,15
4555,39
4552,3
4551,6
11689,23
11685,50
11684,44
11687,23
11683,44
17540,26
8866,53
20628,46
20624,3
17545,32
8865,32
21408,1
14984,22
16796,12
16797,4
16794,3
16795,4
16792,6
8860,14
8861,29
16798,52
16799,7
12087,11
6075,16
12085,59
6073,14
12083,55
12080,9
21405,28
6078,44
20959,31
20489,1
20488,32
2613,15
2611,27
20480,44
20954,46
2619,46
7346,33
7344,16
7342,11
7341,40
10794,24
10027,13
10796,49
10025,12
10790,11
10023,14
7349,6
13435,16
12338,35
12339,12
12334,32
12336,9
12331,1
12333,39
7008,29
9029,32
7001,16
10243,33
9027,1
9020,5
10245,55
18682,41
21538,17
21539,39
18688,55
18689,30
21532,9
741,51
743,55
745,12
748,11
2948,41
2946,1
2945,24
2944,40
5357,38
5356,7
1052,31
5354,44
5352,11
5351,6
5350,51
1059,32
5359,25
5358,26
4310,1
4313,33
4318,18
15067,50
11047,7
11046,44
14563,11
11041,1
18028,32
18029,11
3118,53
3117,53
3115,30
3111,39
3110,31
15961,5
15963,1
15964,9
15967,53
15968,5
15969,34
8644,29
8641,39
6559,53
5740,5
5741,13
5742,33
5743,12
5744,14
5746,55
11300,13
5749,57
11302,25
11305,25
11306,52
11307,28
21040,1
17874,49
15217,24
12534,9
12532,18
15213,54
15210,1
15211,28
12538,12
16098,19
16549,6
16091,1
16093,55
16095,3
16546,46
16545,34
16096,58
12659,25
12658,52
12652,5
12651,2
6661,6
12657,9
12655,48
6665,11
10879,44
10870,52
10873,49
10872,17
10874,12
10877,6
10876,35
19515,34
16890,32
16893,22
16324,34
19511,39
19510,29
19512,58
21053,14
21051,18
21050,55
21055,46
16176,11
2379,6
2374,9
2375,11
2376,41
2370,53
21237,43
21236,28
21234,32
21233,25
21232,28
17873,1
21238,14
1877,13
1875,30
1872,25
1873,33
1871,3
2118,41
2110,58
2112,50
2114,18
2115,48
2116,55
14028,20
13708,53
1919,16
1918,24
17054,30
17052,9
17053,11
3287,12
1910,21
3285,31
1912,58
1917,34
5105,44
13210,1
13211,1
13212,1
13214,14
11136,18
18375,49
10499,28
10498,11
18372,31
883,46
882,12
18239,1
18238,11
14978,51
14974,9
14975,53
889,39
14970,8
18236,5
18234,30
20546,18
20012,39
20545,59
4015,47
20548,59
356,55
9884,53
20943,4
15397,29
353,48
352,48
6616,5
6869,24
15396,29
6864,6
6865,59
15777,15
20945,1
6860,52
6861,33
6862,6
6863,55
9580,33
7352,11
9238,7
9239,12
8255,12
8254,32
1269,55
8252,3
1263,9
1260,50
8259,12
8258,20
1265,4
1264,4
5102,27
8788,33
9235,28
15511,53
15510,29
8781,1
8780,1
15515,59
1913,36
8785,33
8784,6
7618,26
7611,30
17058,39
17059,49
8430,53
8432,51
8435,53
15584,48
8438,11
9142,49
9825,32
9827,33
9822,36
9829,9
5366,53
6125,30
6124,12
3008,6
15296,53
6123,25
12596,43
8512,11
8045,14
4129,30
12592,9
4123,59
6129,43
4120,18
4127,41
4125,36
5689,1
5684,21
5687,33
5686,12
5680,7
5682,28
9147,54
11515,11
11514,5
11510,6
19679,1
5973,0
5972,49
16152,12
5977,42
16155,49
5975,1
5974,12
17201,3
17206,0
887,47
18231,31
2585,30
2584,33
2583,12
2580,32
14971,28
16285,29
20013,39
6059,51
6055,4
6054,29
6056,11
6051,44
10000,53
2638,11
10002,1
16461,32
2635,19
2637,11
10008,25
2630,6
16463,10
9599,6
9229,29
9590,53
9220,39
12352,32
12353,52
12350,5
12351,47
12356,24
16045,44
12355,48
10261,9
10262,36
10264,3
10265,3
9049,32
9048,18
9040,6
9047,11
9045,5
9044,33
3545,14
3547,11
3542,58
3543,18
21553,34
21550,11
21551,34
21556,19
20976,13
20975,43
20974,4
20973,28
20972,7
2965,16
2964,0
768,11
2961,29
2960,46
2963,32
2962,32
762,5
2968,31
764,5
5379,11
1078,36
1076,0
1074,11
5376,3
5371,58
1070,32
1071,6
13005,11
13007,9
13006,33
13003,42
13008,9
9274,4
4338,25
4339,5
4337,44
4333,50
4330,32
4331,33
3131,9
18009,21
3133,9
14587,5
14586,33
3139,20
18001,9
14582,26
20207,46
20206,46
17857,11
17853,5
15988,50
15989,22
15987,22
15984,23
15985,8
15980,32
15981,4
5767,49
5762,10
15180,28
15188,13
15189,25
15326,43
6436,45
15325,53
12442,2
6432,30
15239,54
15234,56
12515,53
12516,25
12517,53
15230,27
12512,55
15233,28
7427,53
7424,49
7421,22
7428,22
16521,12
16523,51
16522,59
16527,53
12631,28
12630,34
12633,2
6603,45
6604,51
12636,10
6609,32
6438,18
6866,49
16202,59
10856,44
10855,50
10853,4
10851,43
15772,4
16203,11
21031,0
21030,51
21032,32
21034,14
21037,32
21036,59
21039,5
21038,43
19539,49
12187,4
12186,12
12185,33
12184,33
12182,44
2353,14
2350,25
2357,53
17694,12
3738,43
3735,36
3734,33
3730,43
4691,16
4922,53
4692,16
4695,16
2133,46
4697,5
11726,53
11727,32
11724,47
11725,53
11722,1
11723,48
16207,29
11721,46
16388,32
11728,53
5160,3
5162,16
5167,48
5168,10
20784,59
20787,3
17074,49
17075,0
17076,1
17077,39
17071,39
17073,45
4806,11
9697,21
14918,9
14912,3
17766,1
14911,1
20569,46
20564,28
20566,28
20567,44
20561,28
20562,43
10600,23
1798,11
1790,12
1797,33
1794,6
6305,33
15759,33
6849,24
15753,34
6840,46
6841,12
6846,35
6844,54
12150,46
18252,53
18254,48
18257,3
18258,14
6590,6
6591,7
6592,18
6594,15
6595,35
6597,53
6598,30
11057,33
7639,11
7632,0
7631,6
7636,6
7634,32
7635,11
18467,11
16037,11
9841,58
9847,3
9844,12
1537,19
1536,32
1243,51
3091,53
1245,14
1532,4
3094,11
1246,49
16030,52
16740,9
16215,24
4100,29
4105,29
4107,11
4106,16
19241,11
9647,25
16747,54
9641,53
16210,50
18419,17
9640,1
3899,53
3893,53
3890,53
3894,25
3895,32
17616,32
17617,4
5951,55
5950,43
11539,18
5955,11
5954,26
5958,2
8951,22
17224,3
1457,29
17260,58
17264,24
6033,33
6030,12
6035,4
6034,50
9205,42
9207,48
10061,33
10066,51
10067,55
9202,16
2652,1
10068,6
2650,11
9208,30
3039,11
7388,8
7382,1
7381,53
7386,1
7385,33
12374,11
12378,12
12379,44
17223,49
9065,36
9064,1
9066,43
9069,26
10284,46
10282,46
10280,46
21571,11
21574,9
21576,2
3563,54
3564,16
3565,42
3569,59
17489,32
17488,12
4481,48
13393,11
4488,0
146,6
2907,11
147,6
704,48
706,11
707,33
700,33
701,33
702,33
703,12
11883,53
14619,1
11884,52
11888,11
20195,59
5318,16
20191,59
140,52
5313,13
5312,32
5317,15
5316,13
5314,32
13023,1
13021,2
13027,28
13026,8
13025,52
13024,39
3153,11
3152,20
18068,43
17877,36
3157,12
17872,1
3154,12
18062,8
18061,21
11087,27
11086,12
18065,32
20223,46
20221,59
20220,29
20226,18
20228,43
8577,44
8571,24
8572,12
8578,39
8579,25
15258,33
15259,23
12572,23
12573,53
15250,18
12571,9
12574,1
15255,20
7404,52
7407,12
7406,48
19081,9
19087,29
16055,52
19734,22
19737,11
19731,51
16502,53
19732,6
12619,7
6629,33
12616,7
6622,53
6620,28
12610,1
19559,48
12503,38
21019,17
21018,30
21017,4
21016,46
21014,59
19887,32
21012,59
19557,39
19556,48
15227,53
15226,53
4714,48
2332,33
2333,25
2335,52
4712,39
2337,28
2338,32
2339,33
12504,31
3717,58
3711,41
3713,23
17677,51
17674,35
17672,25
17673,5
17671,1
4908,1
2488,52
4901,44
4900,33
2484,44
2482,33
2483,7
12973,1
7437,22
11708,53
20766,24
11705,25
11706,0
11707,38
11700,25
5148,49
5149,38
5146,21
5141,12
123,53
124,9
125,1
126,25
127,30
17012,24
20767,28
17011,2
17015,53
7221,36
15354,44
7956,33
7955,33
7222,16
7953,14
7226,7
5423,53
10342,29
20502,28
15778,51
1181,25
20507,13
7247,11
7245,6
7244,32
7240,54
9160,29
10694,17
9163,0
15886,32
15733,44
15732,7
6825,33
15881,28
6827,33
15739,12
15889,4
15888,28
10545,58
10544,7
10547,6
10541,12
10542,33
10548,54
6674,53
12646,11
14282,6
14932,11
14933,53
14934,33
8810,8
18904,22
18906,42
18271,3
6670,52
8219,23
6495,28
8748,12
8747,0
8745,46
8212,21
8742,44
8741,47
8740,43
7650,1
6496,44
7657,33
6491,43
8176,17
16086,25
4249,1
939,29
9566,44
15389,29
9869,53
12271,25
10746,58
9861,53
9860,43
4241,33
9867,18
9866,24
14427,32
11144,11
930,30
14423,12
937,49
11149,48
1519,48
1512,5
14551,33
16159,12
5389,9
6964,21
11832,34
11833,12
11551,39
11550,51
11553,42
11555,3
14842,49
11559,30
11558,3
11831,9
19674,7
5976,23
19506,48
19507,11
16332,12
21047,13
19854,14
21042,4
16337,23
16266,43
16264,53
260,54
16262,1
16263,32
16269,32
6010,32
6014,59
6017,32
6018,59
14995,44
17248,58
17247,9
17246,39
17245,3
17241,49
9263,8
10049,41
9260,32
9267,28
9266,33
10738,29
10040,44
983,53
10042,51
9268,6
986,46
10046,15
18962,1
12398,9
12399,48
12397,16
12394,16
12395,16
12390,55
12391,52
11940,9
9088,11
9087,41
9081,12
3509,48
5089,47
5083,33
5082,51
5081,38
5080,12
3505,16
5085,33
5084,44
2671,42
2672,42
2674,59
2677,20
2929,32
2928,33
2920,6
2924,24
2927,51
2926,5
5331,12
5330,45
5332,1
5335,11
5334,49
5339,25
18590,11
18591,25
18595,9
13041,11
13043,1
13045,3
13046,0
18040,5
18732,32
18730,5
15077,33
18048,46
18738,30
17812,11
17813,30
17810,51
17811,44
17816,30
3176,42
20249,46
20241,7
20247,9
724,11
725,1
722,33
728,7
1160,14
1169,33
6549,47
470,33
1363,33
1360,27
5250,29
12806,0
12551,53
8556,33
12803,24
15276,1
8555,33
15278,6
8005,32
8558,11
8559,15
8000,53
8001,28
5257,29
17687,51
791,54
5255,48
17685,44
7469,24
7468,52
7462,52
7466,47
7465,14
7464,5
19719,1
19713,1
19712,13
19711,42
19710,32
16077,30
16076,45
16075,39
16074,9
10899,35
10893,11
10892,12
10891,32
10897,32
10895,41
10894,42
2781,33
4930,14
4732,7
4733,11
4735,45
2316,25
4739,45
2312,55
2310,45
5854,29
5850,3
5858,39
3772,6
3771,44
3770,3
3777,53
17651,1
3775,11
3774,33
3779,16
17659,12
4654,3
4657,29
13543,9
4659,11
17384,49
16380,34
11768,48
11736,32
16385,32
19572,12
19571,29
16386,32
7880,32
7883,25
11767,53
7887,44
11765,58
20744,11
17031,50
20746,25
20747,28
17034,46
17035,44
17036,22
17037,50
17038,35
17039,20
108,33
109,22
100,58
105,48
11121,48
21291,12
21293,2
21292,5
21295,13
21297,12
21298,59
20523,59
20525,51
20527,28
20529,14
10387,6
10385,9
10381,14
10388,31
16925,11
16926,3
16921,4
16923,1
16922,12
7264,18
7267,33
7266,33
16929,3
7260,38
7263,39
12235,9
6205,33
12237,1
12236,12
12231,43
6201,49
6202,55
6208,48
3999,11
15719,32
6809,15
15717,51
6807,42
15715,59
7510,35
15861,11
6801,33
10563,16
9745,29
10561,14
10566,1
9742,11
10564,59
21435,59
21437,28
21436,59
21431,59
21430,43
8835,9
18922,38
18921,1
18920,42
8830,12
16670,34
7678,1
7679,42
7676,23
7674,58
7672,38
7673,18
7670,10
16677,1
1759,13
1752,44
1751,52
1285,14
1284,52
1287,6
11168,52
1280,12
1283,8
11166,45
11160,49
11161,11
14402,33
8765,30
1579,35
8761,29
8760,29
684,48
1571,6
686,43
1577,1
8768,6
1575,1
682,11
13834,40
6157,11
12875,22
8050,53
5629,15
5627,53
5624,52
5620,54
8493,30
8491,33
8490,33
8497,11
8496,11
5994,28
5991,44
11579,5
11578,13
11575,53
11574,0
5998,36
11571,33
11570,52
11867,51
19380,38
19381,11
19383,12
19386,5
19387,35
5660,53
15032,33
6783,52
6785,32
6784,16
6787,52
6789,12
6788,24
14900,11
7888,48
247,1
246,30
19968,12
16718,12
242,48
19964,35
16717,33
16246,34
16247,11
249,48
16241,9
19962,12
16711,53
12005,46
12003,22
12001,33
9539,24
9538,1
9240,33
9535,39
9242,53
9532,35
9531,33
9246,11
15037,12
3699,55
3694,36
3695,43
3697,28
16495,55
3526,9
3520,49
3528,39
16244,44
10714,1
10715,16
10717,26
10710,29
2699,11
2695,18
2693,59
2691,25
14875,16
14876,29
14873,36
14872,29
13067,50
13064,43
13062,6
13060,38
18718,7
18719,25
18713,52
17839,11
20264,21
20262,39
20261,45
17834,32
17835,51
20269,46
17837,11
1147,9
1148,35
7884,59
7199,42
7193,44
7192,43
7191,44
7190,4
7196,53
11,7
10,1
13,44
767,1
8028,33
8029,35
12829,22
15299,33
12824,6
8023,11
15294,11
15295,52
15292,53
8027,14
12822,38
12823,45
7441,59
7443,12
7442,53
7444,25
7449,23
8184,9
4286,29
4285,33
6873,11
4288,32
5090,28
381,16
387,11
388,14
389,12
10427,23
4751,53
4755,50
4756,34
5873,5
19773,51
11299,1
5876,1
5875,51
11292,17
11291,9
11297,39
17632,2
17633,9
17630,43
3751,59
3750,33
3755,15
3757,33
4632,3
4630,49
2194,7
2196,53
2198,6
4638,21
11743,24
11744,24
11746,39
11748,1
19663,55
14417,34
20721,30
20894,28
20896,59
20725,12
20898,11
20728,59
168,18
169,50
13290,48
13291,30
166,33
167,50
160,50
162,1
163,33
4814,7
6198,46
6199,12
2737,42
20090,56
20095,30
9187,29
9184,49
9182,16
9181,34
10367,48
10361,11
9189,29
16903,39
7209,6
16909,32
16908,22
11967,25
12213,54
6223,1
12211,46
9413,1
12216,53
12215,24
6225,24
12219,5
15841,47
15840,21
10509,6
10508,5
9760,16
9761,16
9764,39
10500,52
9769,16
10505,10
10506,10
21413,32
21412,18
21411,1
12122,9
21416,59
21415,25
21414,46
21419,11
8859,4
8858,4
6376,16
8853,1
8850,10
8857,24
8855,17
10416,49
5274,21
5276,16
5270,49
5272,24
5273,48
5278,39
18360,39
18362,9
19742,14
1550,9
11109,14
3038,5
1554,43
3034,48
19744,38
11100,42
11101,11
11106,25
11107,38
11104,38
19033,0
15591,12
8702,29
15593,6
15595,24
5805,16
15597,6
15596,1
15598,53
8708,18
201,4
13854,7
19254,46
5604,33
19255,41
5600,13
5603,33
5602,44
5609,51
5608,51
4690,24
19927,30
16409,1
17140,19
138,44
15335,1
12454,17
12457,3
6427,49
6420,52
18859,12
6422,12
6428,54
6257,25
6767,5
6765,59
6764,9
6763,6
6762,53
6761,33
9977,49
9976,17
9975,39
9973,43
9971,11
9970,23
10311,54
9978,54
16734,20
16735,32
16737,11
16739,30
12024,24
12027,39
12022,4
19902,51
225,39
16221,50
12028,12
220,39
11395,53
11794,29
2505,53
2504,28
2500,11
17174,41
17171,10
5048,52
5044,1
5043,23
17178,24
9515,0
10773,36
9510,42
10774,39
10779,3
9519,43
11829,24
14679,55
18557,36
18554,41
11826,20
14672,18
18882,51
11822,54
13089,12
13085,1
15053,32
18778,12
5183,0
18773,30
18774,54
3204,30
10057,6
20284,28
20286,59
1994,1
10196,4
10197,53
10192,48
10191,36
1128,50
1122,32
1123,18
1124,46
1125,36
15109,32
15107,55
15104,52
15103,47
18085,30
18080,5
8040,20
8514,51
8044,3
8513,6
8510,53
8047,25
8048,7
8518,11
12848,0
12842,39
12843,40
12841,58
12846,49
5097,12
4776,29
4777,18
4774,12
4775,52
4772,11
4773,29
13649,3
4779,6
15669,28
5818,49
5819,29
19029,18
19758,1
5810,0
5815,34
19751,1
19022,9
17618,30
17619,34
17349,41
17346,19
17347,12
17612,11
17342,38
17343,39
17340,12
17341,48
4610,59
4613,33
4615,12
4617,45
13507,45
20708,44
20709,30
144,48
145,53
142,4
143,33
20878,48
20879,25
10358,39
20706,46
10359,39
16695,5
16698,34
3342,30
5452,14
17408,30
2711,53
2714,1
2718,14
5455,11
10699,34
7220,11
10349,59
10348,17
7225,1
5456,12
7950,35
7229,14
9165,9
10693,16
10347,0
9161,24
7958,33
16969,58
16968,30
16961,29
16963,0
16962,45
16964,0
10687,45
6248,14
12278,9
6240,8
12270,31
6242,44
6243,13
6244,52
12274,9
6246,1
12276,12
10527,12
10524,44
10529,32
9700,58
9704,35
9706,16
9707,34
21479,32
14993,53
8873,48
6601,34
8879,25
14998,32
18963,42
21474,43
21477,19
12632,9
828,33
820,42
8163,29
12490,35
12492,11
6972,34
5253,58
1711,30
14199,3
1716,33
1715,49
1714,33
5258,10
1718,53
15821,18
15823,8
15822,34
14440,49
18342,12
11123,22
13946,39
11126,12
11128,44
10752,48
5533,12
17979,56
17978,11
18148,3
17975,23
3013,11
17973,12
17972,40
8728,49
8722,1
8725,35
8724,33
8726,9
4189,32
13870,12
4182,12
13874,42
4184,32
5663,33
5662,33
5661,1
11808,49
5667,1
5665,1
5669,44
6402,11
15312,53
15311,12
15310,39
6407,10
15315,25
15314,55
18,55
8186,3
7765,3
7766,33
7767,58
7761,33
7762,44
7763,53
7768,33
3905,33
3900,14
3902,0
3903,7
3908,59
3909,44
6747,44
6746,30
6741,33
6740,53
6743,4
6748,18
9959,6
9954,16
9956,18
9953,10
9952,53
19256,11
16201,19
16750,36
202,44
16206,32
16755,9
19258,11
12042,28
12040,9
21469,11
12046,53
12044,53
12045,6
12048,53
12049,11
835,56
8880,12
3651,33
3652,12
2526,11
2520,1
2522,30
2529,9
2528,11
11465,12
11464,12
11461,3
11460,3
11468,20
10071,55
5060,22
17152,35
17151,1
17157,49
17156,22
17155,26
17405,30
17406,39
17403,31
2748,14
4408,5
4404,25
4407,2
4401,12
9572,57
9570,5
9577,33
9576,28
920,29
922,47
9578,33
924,58
925,0
10756,58
10757,58
14839,45
5392,9
5390,53
5396,42
5394,39
11802,34
5398,9
20119,25
20118,59
20114,11
20117,59
20112,32
12827,1
787,38
9393,49
9392,51
783,28
9399,25
9398,48
18575,41
18576,41
18577,17
18570,29
15049,36
15126,28
15120,6
15121,54
15122,1
15128,11
7158,6
7157,32
7155,18
7154,30
10242,33
18751,41
18752,24
18754,30
12860,14
12861,50
12862,29
12866,38
8069,0
12869,28
8064,36
7484,12
7487,33
7481,53
7483,13
7482,1
780,52
7488,33
781,25
2898,50
2897,24
2896,11
2890,14
1104,12
1105,55
1102,9
1103,53
1452,43
5244,48
1898,36
1108,46
1897,3
13136,53
2137,29
4920,25
4798,11
4794,28
4795,16
4796,57
4797,52
4791,7
4792,28
5835,49
2130,53
5830,9
11256,34
11257,12
11255,12
11252,12
11253,11
11251,19
19009,50
19006,38
10919,14
11787,34
11789,9
14969,47
17364,47
17365,30
6837,14
12783,29
12785,29
8890,59
10321,29
2779,33
10322,21
10324,49
4893,12
2771,33
2772,33
2773,33
2775,48
4894,53
16415,9
16946,0
16417,43
7979,27
16410,28
16941,29
7975,27
7974,6
7977,11
9146,34
7970,59
9497,51
21189,28
6267,22
12255,15
12250,12
21181,4
21182,40
21187,3
12258,52
17097,17
17095,53
17098,17
17099,1
9720,39
20337,46
9728,34
21325,46
21324,7
21455,32
21454,12
21453,46
21451,32
21322,18
846,28
7529,30
3463,29
842,48
8899,52
8898,33
8895,35
8893,52
8892,14
849,11
3468,29
20583,28
20586,43
20584,51
1581,1
20339,59
1584,51
5118,30
1739,11
19360,11
1731,35
5231,9
1732,53
5234,12
1734,7
5236,21
5237,9
13126,33
13124,17
13122,4
15808,6
15807,57
15804,17
15803,55
15801,53
15800,34
3071,11
3072,11
3073,58
3077,1
18321,22
14315,5
14316,33
14310,53
1598,24
18326,14
20324,18
17958,24
20321,11
17952,9
17950,1
17957,11
17956,11
20328,12
12716,12
12717,51
5641,38
5643,12
5644,6
5647,18
8068,34
489,30
484,25
483,32
480,6
6460,33
6461,53
12413,29
6463,11
12415,17
6465,18
6466,18
7746,33
7747,11
7749,11
3922,28
19491,56
3920,11
3926,12
19499,48
3928,48
6723,53
8306,33
6721,55
6726,55
6725,38
8300,15
9072,53
6729,28
8309,39
14,59
9930,52
9937,15
9936,33
16779,9
16770,39
19270,1
19272,12
16777,0
12068,12
6091,39
6090,16
6093,11
6092,1
12064,33
6094,32
6096,1
3672,14
3673,51
3676,43
3674,33
2543,1
2542,45
2540,1
21114,59
2544,53
2549,6
2548,50
1456,55
11443,28
11441,5
11440,6
11447,19
11446,21
11444,30
11449,11
3580,33
5002,35
3582,43
3584,49
3585,59
3587,1
3589,42
1101,25
17429,30
3290,12
17134,12
903,39
4429,30
904,55
13333,9
4420,23
4425,54
9559,10
9558,32
9551,33
9554,0
9557,11
9556,7
6218,2
20138,18
20132,59
20137,11
20135,25
16953,29
11861,39
8935,15
11863,45
11862,57
8930,33
11864,34
18514,29
11866,48
18519,3
14818,45
15141,32
15146,35
15144,32
15145,25
15149,17
7177,9
8628,54
2917,11
19850,28
1696,16
1694,55
1692,30
1693,58
12888,41
12889,12
12886,55
12885,18
12883,5
12880,9
12468,17
15309,23
14761,6
6848,50
1814,33
1477,41
12465,48
1478,0
12460,29
6410,11
4228,33
12462,38
12463,29
4220,33
4223,18
5586,18
27,59
5582,28
5583,59
22,24
23,55
15757,4
5309,27
11274,12
11276,9
13688,45
11270,29
11271,12
11272,53
11273,16
15565,11
11279,17
19856,5
19062,22
19069,45
5304,12
3912,11
19480,49
8502,33
2281,1
19681,12
19680,28
19683,1
6730,33
4829,16
10905,3
10904,14
10907,46
8317,15
10901,24
17304,3
17305,3
10909,1
10908,24
9124,49
9127,29
10306,48
6737,53
10302,31
16432,14
16430,54
16437,33
16434,47
7913,33
7912,12
7914,13
7980,22
6288,52
8234,39
6280,33
12138,11
6282,12
6283,59
20833,46
20836,59
20837,46
20834,1
185,5
7984,51
20838,28
21303,19
21302,46
21301,12
21300,25
21308,25
10622,36
868,18
11628,33
3449,39
861,46
3446,0
865,6
3440,31
867,49
866,33
2756,23
2025,0
2026,25
2027,9
2020,4
2750,14
2751,43
19655,59
2028,25
2029,46
9337,53
5216,58
5214,48
5215,9
5212,29
5210,54
14156,51
10404,11
14154,1
5219,29
9332,5
13105,9
13103,1
18307,44
14485,12
18303,4
18302,0
18300,1
18658,1
18309,32
18308,52
17930,36
17933,22
3056,11
3053,16
20308,25
20309,46
20304,47
20300,46
20302,59
212,25
15688,33
17752,12
15680,34
15682,1
1317,32
1316,12
1315,53
1314,50
1313,1
1312,48
1311,44
15425,17
6447,14
15427,29
6917,33
15421,29
12432,16
6912,35
6441,11
15429,16
15359,32
7728,28
7729,12
7722,55
7723,43
7725,6
7726,46
3948,1
12079,44
19478,39
19474,23
19475,28
3944,33
19473,5
3946,14
6709,33
6708,55
6701,13
8327,1
6702,55
6705,33
8320,6
6707,54
8322,1
9914,59
12073,39
4055,0
4052,41
4051,45
3612,49
3619,18
2569,53
2568,43
2561,4
2560,18
2562,28
2565,29
2567,44
2566,4
11429,44
11428,33
11425,36
11424,23
5029,43
17440,34
17115,1
17442,9
17113,6
5021,33
5020,1
4440,33
4446,33
4447,1
960,24
963,53
968,32
969,45
20151,46
20159,39
20391,46
3092,9
3093,42
20467,29
3096,1
1244,33
3095,11
10467,42
10464,36
10462,1
7320,33
8912,33
18539,49
8916,1
18828,25
8915,44
11847,54
18531,49
8919,5
11843,10
11841,24
15161,24
15162,53
7113,32
7111,54
7110,41
7115,14
7119,45
1963,0
18795,30
1678,51
1679,53
1675,3
1676,22
1677,59
1673,1
14744,44
11966,52
1412,17
1414,55
4201,12
4204,11
4205,14
12788,9
5564,2
5565,59
5566,14
5567,24
5561,3
5563,53
302,54
304,11
11210,54
11211,1
7296,35
19045,34
19044,21
19042,54
19041,54
3356,11
15244,56
4898,49
4892,44
4890,38
16638,6
16185,50
16635,59
16188,49
16633,4
12748,36
6115,28
6111,30
12743,49
6113,55
17328,49
17329,30
10921,4
10926,7
10925,52
10924,32
10928,1
7930,45
7935,24
7286,33
7937,22
9454,1
9107,9
9104,2
9450,10
9103,4
9453,24
16459,12
16458,4
16989,39
21148,4
16983,12
16450,12
16981,39
21146,25
16987,21
21140,12
16985,0
21142,14
12298,11
16419,11
12296,28
12294,44
20811,1
20812,28
20813,32
20814,28
20817,4
6264,30
21369,56
21360,32
21491,16
21490,18
17589,1
6612,55
3422,1
3420,14
3425,12
2000,22
2001,16
2006,17
2005,32
4585,53
4584,30
4586,51
4581,14
4583,53
4850,12
18497,29
15450,39
18495,16
14177,11
18493,30
18490,49
14178,36
11989,56
12259,9
11982,1
6965,9
11980,4
11981,1
6619,58
8629,29
15901,33
13168,45
10584,10
6968,49
13163,20
13165,25
11183,48
12489,2
18674,39
17915,39
8623,30
17911,16
20368,59
20363,25
20367,32
20364,4
20365,46
1087,59
1085,35
1084,14
1082,2
1080,25
1088,39
12987,2
12981,12
12980,24
12988,12
5993,14
18155,28
449,14
1339,53
7516,25
1335,55
442,1
441,54
447,12
1332,50
6930,11
6931,33
8699,21
15406,29
6935,49
8126,11
8125,29
6939,49
8691,11
8690,11
8692,21
7707,6
7704,1
38,43
7702,33
37,44
36,33
7709,33
21321,49
19180,51
19181,11
8349,10
8342,19
8340,43
8347,9
8344,36
541,29
3466,16
844,24
3461,9
4075,54
4074,54
840,1
4071,48
5796,30
19450,50
19451,1
3960,5
3961,1
19459,44
3968,59
5798,58
3639,49
3637,50
3634,14
3632,1
3633,59
3630,16
3631,52
3469,49
848,44
11407,13
11405,12
11403,55
11402,11
11400,6
19983,5
19981,12
19986,49
19984,1
19238,19
19989,39
17462,31
4465,12
945,30
940,58
941,17
20652,46
20176,14
20174,18
20170,46
16848,25
12176,52
6325,25
6324,33
12172,1
12173,50
12171,18
12178,16
12179,31
10449,10
9661,1
10119,28
10445,54
10446,51
10447,47
10112,6
10442,12
9668,54
8978,0
8979,14
8970,7
8972,46
8975,11
8976,59
8977,12
5870,45
7139,32
7130,1
7133,43
7132,33
7135,0
7136,31
1658,52
1659,12
1653,33
1650,25
1651,32
1656,0
1657,18
1655,44
5238,9
2839,59
2838,30
2836,40
2834,15
2833,24
14729,6
3390,35
1434,53
3395,5
5402,46
3396,12
3399,11
5409,53
5408,0
9441,32
4261,44
4266,54
4267,48
1735,11
5235,49
18111,42
17666,12
5543,25
5540,6
5541,38
5546,33
5544,14
5545,15
8598,30
8599,35
8595,16
8592,35
11811,10
11239,11
5894,7
5895,3
11230,49
5899,1
11232,29
11234,39
11236,24
11237,11
8447,52
2128,12
5453,39
4914,25
4910,11
322,39
323,36
9896,52
9891,24
9892,48
9893,12
17269,3
16619,47
16611,47
16615,34
6138,14
18328,3
12763,17
12761,45
12760,3
12767,11
6137,39
6134,32
6135,1
10941,51
10943,47
10944,53
10947,30
10946,32
16476,32
9478,59
9479,45
16473,33
16472,33
16471,33
18952,24
9472,24
9473,20
2659,50
16479,12
16478,7
14314,55
9206,16
18323,48
21165,46
21164,14
2249,44
2246,49
14313,16
2240,1
21346,32
21343,39
21342,39
3400,1
3405,18
3409,11
18951,38
12550,6
362,54
10611,59
10610,32
10613,10
2799,11
10619,10
10618,39
2791,1
2064,39
2797,53
20778,56
18479,11
18470,49
18472,0
17706,11
17707,10
17703,18
17700,54
17701,17
139,33
13141,53
13142,49
20699,53
13144,39
17005,36
20695,4
9781,29
20773,11
9787,34
16655,18
16654,8
18610,7
16652,38
20340,7
20341,48
20344,46
16651,30
20348,19
16650,22
20438,28
20439,3
10114,53
12965,11
15641,49
15640,28
12963,2
12962,33
7096,32
7097,30
7092,14
7093,38
7090,1
6173,59
8105,35
1359,6
8106,3
8103,9
8102,35
464,33
467,12
466,32
8109,31
1356,0
1355,13
8074,39
15468,12
6488,12
19912,11
6951,9
6952,21
6953,12
6486,16
15464,11
15467,12
15394,48
12559,6
8361,11
8364,32
8367,24
8366,4
10289,9
3184,12
3187,49
3180,12
3189,30
11397,3
11396,1
4019,18
13709,53
11393,30
11390,3
4012,25
13704,12
4014,32
19432,41
19433,3
3989,32
19435,1
3984,53
3985,30
3980,30
3982,45
9408,54
16288,6
281,49
16282,9
16283,7
16284,46
284,58
16286,2
16287,51
2476,12
2475,54
2474,12
2471,25
2470,1
2479,25
2478,52
7874,41
7875,53
7876,55
7870,53
7872,41
7879,29
16868,53
16865,46
6309,25
12159,12
12154,52
12155,6
12156,11
6306,4
6301,49
12152,35
12153,50
10130,46
10429,11
10423,11
9315,3
9314,45
9313,33
9312,44
9311,28
9642,11
8956,7
18863,5
18860,12
18861,1
18867,53
18865,45
8151,35
2902,11
1631,45
3216,9
1633,44
1634,11
1983,39
1638,50
1639,25
3219,9
15462,19
2815,12
2908,33
2810,12
2813,1
560,59
562,35
2819,17
2818,55
18283,32
18280,48
5429,29
1188,7
3378,58
3377,5
1184,58
5426,43
1182,6
3372,35
3371,22
5422,25
13958,35
4246,48
4245,33
4240,33
13950,39
5520,12
5522,33
5523,9
18138,11
5525,1
5526,2
5528,33
18135,41
48,58
49,31
46,58
47,49
45,11
42,35
40,53
41,25
7287,30
6547,18
6546,38
6541,0
6540,13
16835,33
15078,33
15079,46
16834,33
16343,53
19492,30
18243,8
8806,52
7840,33
7517,33
345,54
7514,41
7512,35
342,3
343,6
349,48
7519,33
7518,33
19375,14
19374,44
19377,0
16672,32
16675,11
14921,1
19373,3
16676,1
16679,33
16678,33
19379,5
19378,17
12701,48
12703,22
12702,12
6154,33
12704,28
12706,22
12102,9
10966,44
10964,25
10963,52
12101,9
10961,51
10960,12
21100,4
21103,14
4524,54
21105,4
21106,44
21109,46
4523,33
16496,55
16490,47
16493,11
16492,7
6586,59
7992,24
8209,9
6478,6
2268,1
7997,24
2260,18
2266,43
8204,11
2265,53
8205,11
7994,46
11268,51
11635,46
9434,12
2046,30
4812,38
4810,53
2042,28
4816,2
17875,30
11630,14
4819,7
4818,12
17876,11
2048,14
2049,33
9410,12
11617,53
11614,52
11088,11
9414,1
9415,0
9417,34
17870,49
11633,18
10633,39
10632,30
11619,12
18459,49
11946,36
14131,11
11945,24
18456,45
18455,16
11941,9
17728,1
17723,54
9610,52
18066,30
20419,25
20414,28
20415,57
20412,46
8236,43
10092,33
10090,18
10097,14
10096,53
10095,53
10094,52
10099,59
10098,1
13186,55
13187,14
20658,28
12949,53
15668,4
12940,54
15667,4
15666,0
15664,5
7078,4
7079,4
7074,43
7075,16
7076,33
7077,33
7070,22
7071,10
7072,32
7073,53
14394,24
14395,30
14393,53
18638,55
15447,3
15914,49
8160,42
8167,56
6970,58
15912,12
16774,0
15918,12
15448,16
19273,0
8388,25
14885,17
8686,45
12061,28
4389,33
4388,33
4380,33
4387,33
4386,30
4385,13
4384,33
407,6
406,6
405,6
404,6
1375,25
402,35
401,11
1379,27
1378,33
12067,33
409,53
408,11
8684,49
4031,0
13721,55
4033,11
4036,9
4039,30
4038,39
11378,1
11374,1
11377,32
11371,36
11370,55
11373,11
11372,35
19418,22
19419,11
5078,23
19410,52
19411,41
19412,1
19142,52
11156,6
2459,43
2458,25
7850,33
7851,33
7855,26
16808,13
16809,32
16802,4
16803,59
16800,32
16801,43
16806,25
16807,23
16804,25
6369,9
6368,49
194,30
12132,42
12133,12
6361,1
12131,9
12135,9
9335,33
9334,25
10402,33
10403,10
10156,36
9330,53
9333,43
10155,22
10158,12
9339,14
9338,51
9628,3
9625,25
18849,16
7331,32
18840,30
18842,42
3225,10
14093,4
1971,9
14091,32
3222,36
14099,51
1616,30
5194,9
3239,1
5191,3
5190,39
1610,28
5192,10
13265,11
13266,49
13261,39
13263,11
13262,9
18435,12
13269,48
2873,59
2872,22
2877,44
11962,11
14270,39
3351,39
3352,19
2546,41
5443,53
5442,11
5441,55
5440,6
5447,9
5444,4
7359,18
11118,30
18158,40
5508,21
18152,59
5507,35
5505,53
5502,33
18157,12
5500,53
5501,52
543,30
12799,16
546,33
547,11
545,24
548,33
6155,33
12579,11
6568,33
15055,1
15056,52
3322,2
15052,24
6562,12
7687,1
7686,29
7684,53
7682,33
7681,33
15253,35
12570,28
3825,9
3821,12
13739,49
3327,2
5001,51
3828,12
9156,26
8441,54
8448,15
8449,16
7539,58
369,41
366,11
7534,45
7531,49
2761,15
361,12
19351,1
19357,43
16658,48
16125,21
16656,11
19359,49
16126,21
16653,33
16120,9
16123,36
16122,26
6178,22
6179,14
6177,30
12725,2
6175,4
6172,50
12722,1
12721,32
10989,12
10988,18
16407,9
10985,12
20071,39
10980,14
10983,13
9488,53
16955,39
21129,12
21128,39
16957,0
21123,49
21122,19
3217,17
2202,19
2203,47
2205,46
2206,24
9489,24
11587,49
11580,3
7907,3
16505,21
11588,25
6271,25
21388,25
21382,12
21387,11
21386,25
21385,59
17298,30
17529,12
6275,33
16052,49
17523,29
17292,9
12246,9
13458,26
4525,9
6276,12
4835,48
4521,4
7993,1
21192,23
7990,33
11638,2
11639,30
9438,6
6278,38
9437,6
11636,6
11637,55
9432,53
9433,9
9431,42
5299,17
5296,6
5297,28
5295,1
5293,11
5291,11
13184,30
17748,39
17749,5
13180,55
13182,1
20657,44
20654,4
20655,44
17746,1
13189,24
20650,59
20651,47
12613,25
6419,6
8141,0
6621,19
15939,30
20384,7
20385,43
20386,28
20380,25
20381,44
20382,17
20388,4
20479,28
20473,28
20470,28
20471,28
20476,28
20474,26
7337,5
9293,48
9296,12
7332,53
9294,9
7330,25
9299,49
7338,14
18430,53
18433,9
18432,49
11960,9
18437,58
18438,12
11968,12
15601,4
15600,11
15602,53
15605,11
12924,31
12929,6
10214,49
10216,49
10211,25
10213,24
10219,12
7058,18
9736,53
18389,30
18388,38
18387,38
18383,21
15933,33
15932,2
15930,33
6998,17
6999,59
15934,33
8637,35
8636,36
8635,35
8632,17
2998,48
2999,19
59,17
58,22
21441,43
56,53
2994,58
50,40
53,33
2993,58
9993,33
9992,33
9995,32
9994,52
14516,28
14517,32
11034,52
11035,27
11030,9
11031,14
11039,48
19882,31
420,14
423,33
422,18
424,11
1391,53
19880,1
857,45
850,11
11359,18
11358,6
19163,3
11352,0
3455,48
11357,3
11354,44
19293,21
19290,17
19291,30
19297,12
19294,22
18616,22
4717,3
4711,45
4713,48
6699,53
6697,51
6696,4
6695,11
6694,11
2433,59
2437,23
2435,29
2434,51
7838,25
16357,0
16354,53
16824,53
16825,43
19830,1
19831,1
7830,7
7831,51
7835,33
7836,46
16359,9
6341,59
6340,1
12112,9
12114,27
12115,14
12117,9
6349,29
12119,33
18810,30
17199,16
17196,39
17194,3
17191,9
11036,44
9603,21
9605,25
9356,45
9607,42
9606,1
10171,5
10173,53
10174,8
21244,25
21242,25
21240,32
21248,18
3782,4
8998,11
8999,14
3786,59
3787,33
3784,7
3785,57
8992,6
3788,33
8991,39
8996,42
8997,59
1809,3
8995,52
4990,33
6511,1
12449,11
4998,33
4999,4
3258,6
3259,5
1948,24
1949,49
3251,5
3252,27
3253,9
3254,6
3256,53
13243,39
13242,45
13247,31
13245,36
13244,39
2858,22
2850,25
2853,17
2856,25
5461,23
3332,30
1492,32
5465,1
5464,32
1496,33
1497,12
1498,16
1499,0
14212,18
16275,32
9644,1
20048,39
19957,25
18176,2
11860,12
19959,11
524,34
525,26
521,33
528,28
529,33
8172,21
1234,33
8932,11
1238,11
1239,33
8286,13
8287,5
8289,25
6509,33
6503,53
6502,17
6500,44
6507,29
12514,9
6505,4
6504,25
4903,3
3808,33
3807,33
3806,13
3801,25
3800,9
8467,1
3078,35
7558,17
7552,21
7557,49
7555,58
19331,12
1960,1
19334,11
19625,9
19167,9
4174,48
4175,1
4176,4
4177,33
4170,49
4172,0
4178,6
15082,33
995,14
9271,33
7391,54
2228,39
2227,44
2224,11
2225,5
2221,18
1,49
5925,25
5926,32
5922,32
9279,24
17506,11
17507,1
17502,11
10053,23
8113,19
7398,44
4505,6
4504,44
13471,34
2089,59
2080,1
11658,0
11657,12
17760,11
17763,12
20670,23
20768,4
20672,28
20673,13
15417,16
20769,39
20679,1
128,1
16136,24
16134,9
20450,28
20907,19
20904,59
20905,24
8117,30
20455,59
20900,28
20457,1
20459,56
19341,11
16646,11
7319,1
7315,42
7314,39
7317,6
7311,10
7310,39
7312,39
12305,1
12304,33
11900,35
12306,7
12301,6
11907,9
11904,14
12302,9
11908,33
11909,51
12309,12
15413,16
15629,5
12908,9
15626,59
12905,54
12904,28
15623,12
12901,32
12900,12
9014,48
9015,3
7032,16
10237,1
10235,32
10238,17
12732,39
21501,31
21503,12
21502,30
15959,6
15489,46
15951,22
15950,22
15481,16
15485,22
15484,45
7789,11
7782,33
6430,17
15707,33
1009,4
1007,25
1003,44
1000,11
9134,39
4349,35
4347,18
4346,14
4345,45
4344,33
4343,3
4341,44
4340,30
11018,23
11019,44
11015,1
14537,31
8615,24
8614,29
8611,29
8610,48
8613,49
8619,29
8618,17
17887,34
11330,0
11333,52
11335,53
11336,4
11338,25
5719,16
5717,0
5716,4
5713,1
5712,53
5711,55
5710,1
9587,33
11487,35
11484,51
11481,32
12473,3
929,9
1471,33
12472,3
16590,47
16591,11
16592,4
16597,53
16598,4
12680,30
12681,25
12683,2
12685,5
12687,9
12688,42
12689,48
10826,53
10827,9
10825,21
10822,1
5092,53
7816,41
7817,1
7814,17
7813,1
7810,38
5094,38
7818,22
21081,28
16374,7
19815,14
16376,32
3572,45
19810,9
16371,7
19812,23
9277,11
9378,43
20988,59
9371,6
9373,53
9372,43
9374,21
21264,59
21265,28
21266,59
21267,30
21260,18
21261,55
21262,28
1824,33
1820,33
2411,2
2410,51
2417,0
2419,1
4976,26
4970,11
4972,15
4229,11
12485,11
15885,12
1920,41
3277,16
3275,47
1924,34
3273,29
3271,55
14055,39
4227,11
15736,6
13223,33
13225,53
13224,33
24,44
18994,16
18995,39
14941,17
14949,12
5585,1
3313,11
5483,32
5481,2
20021,39
20025,9
256,36
12400,16
15366,10
64,18
65,59
66,46
68,51
15365,9
11896,32
5328,16
508,33
509,33
506,33
504,38
505,19
502,30
1212,48
1213,11
1210,0
1216,17
1217,27
6521,53
15547,29
15012,33
15545,54
6525,16
8269,33
15540,40
15017,16
8264,5
6528,33
8262,14
19837,12
19832,30
19833,11
16826,53
3860,46
3867,34
3865,53
3864,54
8409,32
8401,39
8405,56
8406,41
8407,28
14930,29
9818,25
7577,49
7576,16
9814,1
9810,7
9812,49
8814,44
3934,11
19839,9
12110,50
14285,4
4519,22
4153,11
4156,35
4157,44
4155,14
6346,41
4513,0
9741,29
18997,52
6719,41
11090,6
6714,27
9429,43
8339,44
5902,16
8211,9
5900,9
5901,33
5906,23
19644,14
19647,59
5905,29
19649,11
19648,59
5908,0
5909,29
15386,21
19318,48
17562,11
3480,29
17568,10
3482,29
8214,45
4562,29
4560,33
8217,5
9423,54
18992,35
11679,51
17788,44
17776,17
17787,51
17784,1
17785,55
17782,12
17780,30
17809,12
7659,20
9604,45
16787,0
16783,9
9354,33
16788,0
6065,1
12091,9
12093,12
9608,12
12098,4
2604,12
1569,32
2606,35
2602,25
20925,19
20926,4
20927,44
20920,28
2609,11
20922,0
10781,3
10787,12
10786,1
10784,41
10037,32
10788,1
10032,52
7379,53
7370,51
12321,5
11920,11
11923,12
11925,1
10258,42
9030,6
9031,30
9034,52
7014,58
7012,49
7013,49
7011,3
21523,31
21521,19
18699,28
18698,30
757,1
756,4
6086,56
754,48
758,44
2958,23
2959,31
2954,48
2955,17
2956,1
2950,5
2951,45
2952,9
2953,12
5345,53
5346,33
5340,11
1020,12
5342,52
1022,0
1029,12
5349,1
1197,3
10328,49
4365,30
4364,16
4361,13
4360,1
4363,25
4369,11
18037,51
18036,11
1808,12
18038,12
11078,1
20618,11
14550,33
3107,1
11076,3
11074,54
3103,39
8672,48
8670,39
8677,58
8676,3
8674,39
8678,29
15979,53
4092,29
4091,9
4097,29
4096,17
4094,29
4099,24
4991,33
5734,45
5737,54
5731,28
5732,51
11317,13
11315,35
11314,39
5739,55
5738,28
19128,48
9868,33
19122,45
1563,6
19127,12
20910,7
15205,14
15204,5
15207,4
8094,16
12521,53
15200,56
12523,29
12529,53
15208,33
8098,58
11145,25
19788,46
19784,52
16577,24
19786,54
19787,14
19780,11
19781,48
16570,49
11143,24
6659,20
6658,24
6657,48
12667,5
12664,32
6653,7
12663,11
12660,16
12661,11
10808,41
10809,16
10805,6
6385,9
6384,9
16318,38
16319,4
6382,17
16312,49
21067,30
19870,38
21065,54
16317,32
19874,1
16315,34
2380,14
2383,48
2385,33
2386,14
21208,44
21209,57
21202,39
21203,23
21201,38
21206,4
21205,4
1849,32
1842,49
1847,11
1846,7
1845,45
4952,11
2167,44
4956,33
7308,48
4954,13
4955,12
1946,49
3298,11
17042,58
3295,12
5134,48
1902,12
17048,11
13206,24
13205,35
13204,33
13203,52
13201,49
13200,30
12063,4
18426,31
14963,44
14962,32
14960,28
14967,53
14785,9
14968,4
20005,48
20001,39
20552,51
20558,32
20008,30
8567,55
9352,29
12546,54
2047,32
8565,4
15263,53
8562,1
12933,51
15780,33
15782,7
6894,27
15617,39
17302,22
17301,48
17306,58
1271,15
1272,49
10902,35
1276,5
1277,33
8799,18
15550,9
15569,11
8791,6
8240,0
8793,59
8246,19
15561,11
8796,49
8797,6
1494,4
3336,1
8426,33
8424,14
8425,44
8428,1
5469,20
17431,30
9839,25
7596,1
17433,30
7593,17
9834,22
5034,44
4139,39
4132,16
4437,6
5692,21
3840,50
3843,30
7918,54
5694,6
3846,53
4431,2
9746,48
5377,53
4438,28
5968,52
5969,7
16149,24
16148,19
5960,33
19666,11
16145,11
16143,9
16150,9
16141,29
5967,59
16513,11
17239,9
17236,30
17543,28
17544,4
17233,57
17547,4
4544,22
1072,2
6638,55
11696,44
11690,14
20639,50
2596,24
6287,6
2590,43
2591,33
2593,32
20630,59
20632,31
20634,25
183,59
6635,6
6042,23
6043,33
6041,4
6047,18
186,49
6048,32
187,7
2620,0
20949,52
8606,30
20835,5
20946,18
20947,14
6982,9
9582,41
7353,51
10018,5
7355,16
7354,5
9234,24
7358,6
9588,33
9237,52
9230,11
9231,14
9232,18
12341,25
12340,48
12345,12
12344,30
12346,32
10272,18
9059,12
9051,0
9053,6
9056,33
21541,30
20494,34
20496,39
20497,43
20490,59
20493,57
20498,4
20499,28
774,28
776,33
773,28
778,4
75,35
2979,16
71,33
2973,30
2970,56
2971,45
2976,45
5363,45
5360,34
1040,9
1047,34
5367,32
1044,29
4303,11
4302,59
4301,12
4307,7
4306,49
4304,14
11051,51
14573,22
18017,11
11056,11
18014,10
11058,44
11059,22
3128,9
3129,17
17849,54
17848,15
3122,39
17847,45
8658,39
15995,12
15997,1
15996,22
8654,49
15993,51
8656,54
5752,3
5751,1
5750,1
5757,1
5756,11
5755,41
5758,13
15194,16
15197,33
15190,7
15193,33
9316,18
15198,0
3441,0
3442,36
15223,3
2024,11
15221,43
12507,22
12506,15
12505,32
2757,7
12509,9
2754,44
74,7
7432,44
7433,41
2752,28
7438,13
7439,44
16554,32
16555,12
16133,29
16551,43
12644,11
12645,32
16088,3
12647,11
12641,2
6673,33
6672,13
17948,3
6679,13
12649,52
13633,50
4605,12
10868,2
10867,11
10864,36
21044,46
21045,28
21046,24
19505,30
16886,52
21041,11
19500,10
16885,53
16339,53
16888,25
21049,28
19509,48
2366,53
2365,12
21221,32
21222,52
21224,44
21227,28
21228,1
1861,14
1863,0
1862,41
17682,14
3721,32
17688,12
4686,58
4687,1
4933,11
4934,7
4937,1
4938,22
4689,30
11734,39
2109,34
2108,55
11730,6
11733,50
2102,5
2101,59
2107,24
11738,1
5114,53
5117,11
15031,53
5113,22
5112,12
5119,55
14012,21
6506,33
20797,11
17062,36
20795,39
20794,14
17067,9
20792,1
20791,34
18564,9
20798,28
9,1
10484,33
14909,17
894,0
895,9
896,36
899,29
14903,54
16331,36
14904,3
14907,54
19946,1
19943,38
1789,22
1783,33
1785,9
1787,12
15768,49
15769,52
6877,1
6875,33
6874,12
15762,47
6872,16
18225,42
18222,10
18223,24
18229,1
14805,24
8220,20
8221,6
8222,11
8224,12
679,41
8226,46
8227,27
8229,25
677,12
18527,34
15501,11
16336,53
7609,16
7605,16
7604,42
7603,20
7600,0
2490,59
18832,23
18654,5
9850,11
9853,48
9858,1
1524,28
1525,32
1526,1
1527,4
1252,53
1251,14
9177,29
1528,25
1529,46
1258,14
4117,49
4115,58
4113,22
4111,47
7894,33
9175,49
10048,35
5946,12
5947,53
16475,11
5945,29
9265,58
11508,11
11506,53
11504,11
11505,1
11503,32
11500,32
5949,12
982,17
10041,54
10734,36
984,18
15280,6
16103,16
17216,3
17212,11
6020,20
6023,48
6025,2
6027,1
2648,3
16100,49
10074,33
10076,33
2645,13
2647,1
18783,50
9218,49
9210,1
9217,49
12364,25
12362,52
12368,55
16179,9
9076,35
9074,33
9075,11
10299,48
10291,24
10292,55
21567,48
21565,35
21562,21
21568,56
3557,14
3556,30
3554,58
3553,0
3559,9
20968,57
20969,28
2912,18
2915,33
2916,18
718,35
2918,25
2919,52
715,50
714,11
712,5
5308,32
1068,9
5300,6
1063,32
5303,11
1065,33
1066,33
13014,59
13011,55
10750,38
13019,22
4328,31
4323,11
4327,59
18079,11
3142,55
18071,11
18075,17
20216,41
20217,59
20215,59
20213,46
20210,41
17863,41
17860,1
17867,12
17866,17
17864,11
5410,18
4623,11
12705,13
10754,58
18520,39
10755,49
6957,2
12569,14
15240,53
12563,3
12562,25
12564,3
15247,46
15246,39
7413,33
7410,13
16533,59
16531,12
16538,4
12623,0
12620,41
12621,53
12627,9
12624,14
12625,11
12628,36
12629,1
10840,25
10841,53
10843,1
10845,49
10847,1
10848,12
10849,51
7275,33
21022,32
21023,19
19529,9
21028,46
5086,33
14569,7
12191,5
3507,22
12195,17
12197,39
2344,12
2347,33
2346,33
2340,33
2342,52
2348,33
16213,17
1889,48
3702,9
1886,31
1885,58
3701,17
17661,23
17660,4
3704,2
1880,36
2121,48
15357,21
4918,1
2126,51
4664,48
4665,3
4666,29
12435,22
4662,48
4911,4
11713,7
11711,53
6445,53
11717,55
11714,53
6442,11
15352,39
5172,16
5171,30
5177,41
5176,39
5175,42
10737,58
6913,9
130,53
20779,28
136,45
135,24
134,12
17001,17
17000,11
17003,20
20776,32
7003,29
17004,1
17007,18
9689,39
9681,39
9680,35
9682,43
15729,7
20515,25
20514,33
20517,7
7250,33
7253,11
7259,16
6855,41
6856,1
6850,13
6853,12
6852,6
6859,4
18592,5
89,33
82,34
83,33
80,22
81,22
86,33
87,33
85,33
14630,44
15349,24
18242,32
14926,16
14293,39
14923,38
14922,17
8802,36
14298,38
18249,59
8808,33
6583,34
15521,8
6581,55
15523,49
16015,4
15527,17
15528,1
8755,30
8756,17
8757,16
8750,43
7627,22
7626,3
7621,23
7620,52
7622,33
7629,55
16363,32
16367,49
18423,19
9878,33
9874,53
9875,33
9872,11
7821,59
11154,33
19808,38
11153,44
1502,53
1500,51
1506,5
3085,1
3086,12
3080,11
19470,11
3884,53
3886,53
13188,11
18736,30
11526,5
11527,42
15356,34
11522,12
11523,11
20653,12
11528,32
11529,44
15093,53
19073,22
8777,34
6996,30
9918,1
10638,39
19955,54
16274,9
16277,1
19950,54
16279,21
16278,55
20671,59
6005,28
6003,5
17117,31
17273,17
17277,3
17274,3
17275,19
17279,3
9270,28
7394,39
9272,33
9273,8
991,3
10058,5
9278,50
10724,9
10054,6
10721,54
10052,12
12389,18
12386,5
21271,32
12383,18
12382,52
10634,36
21277,39
9098,7
9097,14
9090,31
9091,28
19017,22
3579,29
3578,6
17491,11
3575,6
5091,11
3577,42
3571,48
5095,14
3573,11
17499,10
2666,29
2667,14
2664,6
4494,7
4493,12
2663,25
2660,42
20989,35
20984,28
20982,5
20983,4
4498,6
2938,25
2933,12
2930,27
5327,25
11898,25
5323,48
5321,25
11894,9
11895,18
14604,1
18585,11
11891,55
11892,27
11893,16
20186,0
20187,46
1747,6
20180,18
20181,59
20189,46
13039,3
13036,1
13037,12
13031,28
13032,44
11095,12
3796,45
18721,14
18052,46
18050,39
16119,1
11098,33
18728,30
17802,32
3168,42
3166,51
17808,59
3161,55
2154,33
20234,32
20235,46
20237,14
20233,46
731,25
733,11
732,11
735,42
734,25
736,24
739,23
12648,5
15005,53
11830,0
12815,39
12814,58
15265,59
15264,24
8563,0
12810,9
12813,21
12540,12
20902,56
12818,49
8569,54
7470,12
7472,32
7474,33
7475,16
7476,28
7477,3
16518,33
16510,12
19727,12
16512,51
19097,31
19723,32
19092,45
16041,12
6639,0
12609,3
15002,32
12600,12
6630,11
12602,0
6632,48
12604,3
12605,17
6636,6
15001,42
21000,11
19540,0
19546,35
21007,42
2298,28
2323,12
2322,51
2320,32
2326,45
2325,5
4700,9
8193,48
4708,45
3760,34
3762,39
3763,33
3764,33
3765,33
3768,25
17643,12
17640,1
17644,12
2499,35
4648,45
4649,29
2491,1
13552,49
4640,26
2492,53
2494,33
4644,34
2496,59
19895,55
19890,12
19892,38
7899,20
11771,21
7897,1
11773,16
7895,51
7893,55
7891,41
17027,9
17025,1
17023,3
5154,31
17028,20
111,22
110,54
113,6
20753,47
20757,21
165,33
8197,31
20775,11
20535,59
20533,7
20532,9
20531,59
18418,17
18415,0
10962,12
7272,50
15270,53
7276,32
7277,33
8553,58
7278,33
7279,33
15274,53
12555,34
15723,34
15892,12
6830,28
15894,11
8554,35
15896,32
15897,33
15898,12
15899,7
12557,11
10556,23
10555,55
10553,9
10551,12
20771,28
10559,36
8007,27
16454,7
8823,11
8826,28
8829,58
20770,25
18910,53
8778,11
16457,5
15090,7
15091,17
8771,1
15094,25
15095,48
15096,36
7643,35
7642,31
7647,14
15621,39
7644,55
7030,1
8096,29
7031,9
17330,24
1740,31
1741,11
9133,36
9012,22
6976,21
11173,49
11171,47
14201,11
11177,30
9135,49
11175,3
11174,36
11179,49
14418,36
5491,53
1568,33
17449,0
1298,33
1299,54
21097,17
17448,39
1292,12
1293,4
1562,11
1291,1
1564,43
9139,55
1566,4
1567,33
10640,48
5632,28
8480,53
8481,52
8487,44
8488,44
8489,53
