11543,59
11540,53
11545,3
11549,50
3483,36
5986,54
5984,52
5985,9
6797,9
6794,33
6790,59
6791,35
6799,59
16252,55
16251,49
273,30
16257,3
16708,57
19975,51
16705,59
279,36
16707,41
16258,41
16700,54
12014,59
12017,52
12016,39
12011,35
12010,39
12380,52
17258,36
15482,44
17250,54
17251,58
17254,48
17256,3
10709,3
10708,36
9258,54
9259,41
10703,9
9525,50
9526,54
9255,33
9252,9
9253,30
9250,59
10704,39
15956,41
3958,52
6348,30
3511,35
3517,59
3514,36
2688,30
2687,44
2681,35
14626,55
14622,59
14623,54
14629,41
98,44
93,53
96,54
13059,33
13053,9
13056,30
13054,41
18703,59
18708,52
17829,41
17825,55
17822,55
20259,35
20252,59
20251,59
20256,59
20257,57
20255,59
1177,57
1176,50
1174,58
1173,54
1170,33
1178,59
7189,54
7184,52
7185,54
3433,35
3435,39
12831,55
12830,3
12836,41
12834,54
8017,50
8016,33
8547,55
8546,41
15281,55
8012,27
15283,33
8010,55
7455,50
7453,55
7459,59
2658,50
2742,39
4848,41
4595,3
10884,52
10885,57
10887,41
10883,54
16884,33
6537,41
8293,41
8292,59
15551,9
8294,53
15553,27
15000,59
393,54
390,55
399,59
2309,50
2308,54
4729,59
2301,41
13615,59
2303,55
2304,59
2307,55
19704,57
19702,55
16063,58
11283,59
11282,54
11285,41
11284,49
11287,3
17622,2
17625,54
3747,41
3744,54
3742,55
3743,54
3740,44
4621,55
4622,41
13532,41
4625,9
14539,54
11756,33
11755,54
11754,50
11753,35
11752,47
11751,9
11750,52
10695,3
11758,50
19560,49
19561,49
19562,58
16396,27
16394,27
16395,54
16398,54
16399,55
20887,54
20885,59
20735,59
20734,54
20736,44
20793,44
20888,50
13286,35
13282,9
13281,48
13280,30
203,36
17652,41
14166,33
21283,44
21281,57
21286,44
21287,54
21285,9
20089,35
20087,35
20080,35
10391,35
10393,50
10394,49
10398,47
7218,9
16935,3
16932,3
271,58
7212,50
272,35
7216,55
16939,36
12226,51
12227,33
6215,41
6214,41
6213,50
12223,30
6211,44
12221,55
16256,3
15708,33
6818,51
15878,54
15879,55
6811,41
6810,55
15702,33
15703,55
6815,54
6814,52
6817,54
6816,9
9755,3
9752,9
10573,40
19978,59
18930,35
18938,41
21429,54
8849,54
8845,30
8846,54
8914,30
11848,39
7669,35
18530,41
12249,9
1768,44
1769,33
1763,33
1760,54
1767,33
1764,59
1765,53
18646,59
19037,36
18313,54
692,33
693,33
690,33
691,33
696,55
1543,57
695,33
11111,59
698,59
699,44
11115,59
14476,30
8710,39
8711,54
8716,55
8717,55
11763,41
17923,35
5611,35
5617,44
5615,54
17925,35
17032,59
11568,52
11569,50
11563,54
11564,59
11565,52
11566,50
11567,52
3042,55
10702,41
9527,35
6778,55
6779,59
6774,53
6776,33
6777,33
6770,39
6771,59
6773,33
9964,57
9965,52
9967,55
9961,57
9963,50
259,35
16723,3
16230,57
16233,54
16232,54
19915,57
16234,40
16725,58
12033,50
12031,52
12036,33
12035,52
9509,41
9502,50
9503,33
9505,41
3688,39
3681,50
3680,52
3684,49
2518,52
2519,52
2517,56
2512,41
2513,55
3533,39
5058,54
3534,36
3539,36
5055,57
5057,3
5050,52
5051,44
5053,55
10760,35
10767,3
10768,41
14642,39
14867,19
14865,9
18549,39
18895,20
16745,3
18898,51
13070,9
13072,54
13890,50
13077,55
13078,40
18769,53
18768,30
18093,55
7896,41
18765,30
18096,34
18095,9
20270,30
20273,34
20274,57
20278,59
20279,53
10185,50
10186,33
10181,27
10180,54
10183,58
20376,59
1159,54
1157,44
1156,41
1153,54
1152,55
15119,51
15118,33
15111,51
15110,9
8036,44
8030,50
8032,53
8039,53
12858,41
8528,59
12853,51
8520,59
8526,55
12857,41
20693,41
16350,59
4297,35
4292,57
7261,44
4748,54
4742,45
4741,9
4740,45
4747,57
4745,44
19762,41
16003,33
19760,41
19761,53
19766,41
19767,55
16005,30
19769,45
17359,30
17607,44
17601,9
17352,39
2182,57
4609,30
4606,54
4604,30
2188,44
4603,35
4600,30
8683,35
12239,52
8681,9
8138,49
15345,55
151,52
153,41
152,33
20869,30
15430,58
157,9
20865,3
20715,59
6456,32
20712,44
20711,59
15348,34
19155,41
8137,36
19635,41
6187,44
6186,59
6185,59
5934,55
6181,50
6180,54
6189,9
6188,51
2725,39
5931,44
2720,54
15713,41
2729,55
2728,54
9190,35
7234,51
7235,33
7940,41
9194,3
7942,33
9196,9
10377,9
10375,3
7948,53
7949,27
10371,2
9744,49
16918,52
16916,59
16917,55
16910,57
16911,52
16912,44
16913,34
12208,35
3089,55
6235,33
6234,52
12207,59
6231,57
12201,47
6233,57
6232,44
10565,33
10518,55
9779,54
17291,30
9777,3
9771,41
10515,41
14981,57
18953,59
14983,50
14982,41
14985,57
8863,55
14987,3
18955,44
21404,54
14988,35
21406,44
21401,54
8868,59
21403,34
818,59
811,27
10233,55
816,35
817,54
5264,49
1706,50
5260,9
1708,33
14180,50
5269,49
5268,30
15851,50
14324,55
18374,39
11134,55
11133,35
11132,44
18371,35
17980,35
17981,35
16377,59
17986,41
3028,45
17988,59
3026,41
3025,54
3023,41
15580,35
15581,36
8738,59
15585,54
8736,33
8734,20
8732,54
8733,54
8730,41
8731,59
3957,3
4194,57
4192,9
4193,33
5670,35
5671,9
5672,39
5675,20
5677,59
5678,59
5679,52
8836,54
6437,59
15327,52
15324,55
6434,49
6433,55
12443,54
12441,41
8198,3
8199,36
15329,35
6758,9
6759,52
6752,41
6757,3
9943,3
9940,55
9941,35
16216,54
19935,51
16214,3
19933,53
16212,2
16211,54
19930,55
16749,35
16219,44
12050,55
12053,41
12054,54
12059,55
236,30
237,3
232,35
233,39
2538,41
2539,44
2532,41
2530,30
2534,54
10922,53
17164,41
17163,9
5072,44
5070,35
5071,41
5076,44
5077,51
17168,41
17169,58
9560,55
9561,31
9562,44
9563,55
10749,35
10748,41
932,35
10744,9
10743,49
10742,35
5382,35
5385,55
18563,59
11837,35
18567,30
18566,54
14666,55
14843,41
12852,55
13096,30
13095,54
13092,57
13093,52
13090,35
20298,54
20299,53
20291,59
797,35
9385,33
11181,49
793,35
9381,54
9382,55
9383,54
9388,54
9389,44
1138,44
1137,50
1135,59
1134,59
4974,50
15138,35
15130,44
15136,32
15321,59
7148,33
7149,41
7146,33
7141,54
7143,35
18746,30
2149,34
2148,59
18749,58
8501,33
8051,55
12874,50
8056,59
8506,9
8509,55
12878,9
7498,33
2886,33
2887,53
2884,41
16986,55
7490,54
7491,59
7496,30
7497,51
7494,54
7495,50
16393,33
3276,41
1288,52
4765,50
13656,53
4768,49
11249,47
11241,34
8767,59
11243,41
11242,41
16029,41
5808,3
16021,54
16022,50
16023,55
5807,9
19745,59
16026,54
17372,9
1572,55
687,55
11798,49
11793,41
11791,41
11795,9
680,44
7843,57
20840,47
16636,30
16688,41
16684,54
16685,54
16687,57
16680,24
16681,36
10354,39
10355,3
10356,49
2708,50
10352,3
4881,39
4884,54
2700,52
4887,55
7963,54
10688,58
7961,35
7966,3
7967,35
7964,55
9178,36
10682,35
7968,41
9172,41
9171,58
6119,30
16978,49
16979,24
3951,47
16973,3
16970,3
16975,35
17081,41
17083,3
17082,55
17084,9
17086,20
17089,49
6252,33
12260,39
18407,35
12266,59
6254,59
10530,3
10532,59
10534,44
15639,41
10538,52
8545,54
8544,41
19828,41
9712,3
8015,53
3474,49
10923,44
3477,54
836,54
837,50
3472,9
3473,45
21462,55
8541,55
21460,44
839,55
21466,9
18975,24
8540,59
20593,59
8543,9
20596,57
20598,52
12912,39
11623,35
6222,54
19998,30
15637,33
1729,32
5245,9
1727,53
1722,59
1723,41
5243,35
15832,34
15833,58
15831,30
13131,52
15834,50
6802,33
9003,44
13139,9
13138,52
3007,39
14300,57
3001,49
3003,30
18354,59
18355,55
18356,55
18357,35
3009,41
18351,55
20334,34
1588,3
9108,41
17968,41
20332,59
17967,44
17964,59
17965,50
1586,33
17963,48
17960,41
1585,50
7939,54
12483,39
9102,41
10676,41
5658,57
5659,41
5657,44
5654,44
10674,54
5650,59
16727,55
15308,55
12469,39
21093,41
12464,9
6414,35
15306,3
15307,52
15300,33
12461,3
6413,30
15303,35
7776,33
7774,52
21143,55
7771,3
3917,33
3916,20
19483,3
19482,54
3910,55
19489,3
3918,41
8314,49
6731,51
6732,55
6733,33
6734,54
8311,55
8313,59
6738,53
6739,33
8318,59
9928,55
9929,41
9920,41
9923,3
9925,54
9926,55
9927,55
19263,41
19262,35
214,54
19267,53
213,9
210,50
211,55
16762,3
16761,39
6088,33
12078,44
12077,50
6084,53
6085,41
6082,54
6083,39
11572,33
15060,41
3649,59
3647,33
3645,20
3643,54
2550,35
2551,54
2552,54
2553,35
2554,9
2555,9
2558,52
2559,41
11476,33
11477,51
11475,59
11470,59
11478,59
11479,50
5012,33
5013,52
5015,44
5018,44
17148,41
17419,30
17417,35
17146,41
17412,55
17411,45
4419,50
4412,33
4411,54
4410,53
918,30
9549,41
9547,33
9544,41
9543,55
14828,9
14826,3
20105,59
21363,30
21362,49
11817,39
18504,41
11812,41
15153,52
15152,44
15154,3
15157,33
15156,20
7168,20
7161,35
7166,2
7167,33
12898,57
12897,33
12891,39
12890,41
12893,59
12164,27
1111,59
1446,52
1445,44
12166,50
1117,52
1440,35
1118,54
3707,41
1449,50
6520,44
6523,59
15013,35
1803,40
6524,44
6527,54
6914,41
13611,30
6529,53
4788,50
4785,9
4781,45
4780,33
5822,49
5827,35
5826,35
11260,3
11265,35
15548,59
1801,41
19703,55
9674,30
19441,54
5849,9
14540,52
10108,57
199,54
198,58
11065,35
196,59
191,30
11983,54
10107,3
15496,33
8663,3
17315,41
17314,35
17317,55
17316,36
17318,35
12790,35
12791,9
12797,54
9155,30
2769,54
2768,41
10335,54
2763,9
2762,2
10338,49
2760,35
2767,30
9158,34
2765,9
2764,35
16950,39
8668,59
16404,41
16405,53
16403,31
16400,52
16401,33
7901,41
7902,55
7903,55
9487,54
9486,50
9484,55
12240,50
6273,57
21199,59
12244,44
6274,53
6277,55
13530,36
6279,50
21193,44
21190,57
21191,57
21196,52
21197,20
21194,59
21195,59
20822,59
20825,59
20824,41
20826,34
20829,3
9733,30
9734,36
4081,49
9738,35
16719,52
21336,53
21337,52
21333,41
21330,59
21447,50
21448,50
16714,54
21339,35
3452,30
16715,59
3456,59
851,54
852,55
853,41
3459,9
859,50
248,48
16710,9
19963,54
10586,9
8905,49
14146,35
5228,36
5223,49
5222,49
5220,58
5226,41
18816,59
13113,52
15819,57
13110,44
13116,2
13115,30
13114,57
15810,41
15811,41
13118,52
15816,55
3063,41
3062,55
14499,30
18339,55
3067,49
17943,39
18332,30
3069,41
18336,55
18334,54
16392,33
20311,41
20310,59
20314,59
20319,44
16390,33
7570,54
19137,54
5723,44
1306,30
1300,41
1301,52
1303,54
1308,58
498,41
494,53
20883,44
496,55
497,41
490,50
15368,41
12409,41
6473,41
15363,20
6471,47
6477,9
6476,59
6475,32
6474,33
16706,41
7755,52
7757,34
7752,59
7839,3
3939,55
19464,41
3937,55
19466,52
3931,3
3930,58
3933,54
19462,41
8331,41
8337,44
8334,55
8335,44
6716,3
8338,59
9530,33
6710,55
6711,44
9906,35
9907,35
9904,27
9905,36
9902,33
9903,35
9901,33
9909,53
19208,41
13757,2
4041,30
13753,41
4043,20
4048,3
3667,57
3661,39
3660,39
3669,50
3668,57
10122,35
2578,41
2579,33
13966,41
2577,54
2574,9
2570,54
11459,35
11455,36
11450,35
11451,54
11452,52
17434,9
3592,30
17436,35
3597,36
3596,55
17432,9
3594,30
3599,54
3598,54
17128,9
13320,35
13321,39
17123,35
4439,33
17127,54
977,35
976,59
971,47
978,41
20129,53
4159,55
10470,47
10473,41
10472,55
10478,59
11872,54
11873,41
8925,57
11877,44
18835,3
11878,50
11879,59
18523,30
18830,44
8928,33
15179,35
3387,47
15175,59
3384,41
15171,3
7100,49
7102,36
7104,35
7107,41
7109,51
7837,33
1681,9
1680,3
1682,41
1684,54
1686,35
1689,50
1688,49
14771,9
1469,44
1467,59
1466,55
1461,59
1460,59
15913,36
5800,35
4239,57
4238,58
4237,41
4235,54
4233,41
5593,32
5592,52
5595,44
5594,59
5597,54
5596,55
5598,35
16568,40
13694,30
4215,9
317,9
315,55
314,35
11201,49
11202,3
11205,49
20909,35
7217,54
6217,55
12225,41
12222,51
13908,3
12229,39
6819,41
12676,54
15709,33
2291,54
15404,41
2297,55
19697,41
19690,54
19699,20
8696,35
16163,54
10917,59
19642,59
10913,3
17338,3
19645,9
17335,3
17334,41
17333,9
6813,53
10918,41
19312,41
10318,49
7922,59
10648,49
7297,33
10310,3
15704,50
10644,49
10313,55
10642,3
10315,36
7928,20
16428,59
16429,9
16424,59
16427,54
16420,54
16421,55
16422,52
6299,52
6298,52
6297,59
6295,33
6293,50
20807,34
20804,52
20803,57
20802,52
20801,53
20800,59
21318,41
21319,54
21315,59
17593,39
17597,55
17596,55
17595,55
3430,30
875,35
873,48
4592,55
4593,30
4591,54
2033,50
2744,53
2746,9
4845,45
4841,55
2039,54
17569,41
5201,39
5203,9
14168,33
5207,58
5209,2
11990,53
11993,44
3486,59
11994,33
11997,35
11996,55
13170,49
13172,9
13175,51
13174,55
11191,9
11193,36
11192,55
11197,9
11196,54
11198,3
18648,57
17922,49
3048,30
16300,27
3040,8
3043,39
17929,48
3047,35
3046,41
20379,54
20378,59
19862,44
20371,57
20370,59
20373,57
20372,57
20374,44
20377,39
19864,55
16307,54
1096,59
1090,33
1099,31
11674,41
15698,41
15692,50
15691,55
15694,35
15695,59
1322,33
1320,57
1326,33
1327,57
1328,52
6907,55
6450,35
6453,39
12423,35
6455,59
6454,59
6457,33
8685,41
8134,30
6458,52
8688,35
8689,9
8130,41
8131,30
15438,49
6908,54
7739,44
7733,39
7732,33
7730,50
7737,41
7736,55
7735,50
7734,59
19199,35
19198,58
1916,39
19448,54
19191,39
3952,44
19193,30
19440,52
19447,51
3954,59
8359,35
8350,59
8351,20
8353,55
8355,41
20266,59
4063,35
4061,45
4066,35
4067,39
4064,54
4065,34
4069,41
5787,9
5780,55
5782,39
5783,9
5788,47
5789,41
3603,40
3602,50
3601,33
3607,41
3605,27
3604,59
3609,30
19993,35
11433,33
11430,35
11431,35
11435,55
17452,3
17103,41
17457,2
4453,30
4452,33
4451,57
4457,57
4454,40
4459,33
4458,39
952,48
955,9
17655,59
20142,41
20140,59
16856,3
16851,54
16850,52
16852,35
16858,33
6335,36
6337,3
6331,55
12163,52
12162,27
12169,44
10453,55
9675,39
9677,54
10109,33
9671,33
10455,3
10105,55
10459,44
10458,55
9678,57
10100,35
10102,55
12094,41
11858,39
11859,59
8909,51
8908,33
11850,49
6060,30
18811,31
8906,41
11854,41
11855,49
8903,55
7128,59
7124,35
7120,55
1667,54
1666,41
1665,51
7954,50
2825,52
2826,52
2827,55
2820,44
5414,33
5415,59
5416,50
5417,50
3382,54
5411,54
3380,55
3381,54
14755,59
14757,3
14751,33
14752,53
3389,30
1409,36
1406,35
1404,59
13904,54
1546,33
4216,50
13900,59
4210,33
4212,55
2608,33
19453,51
4219,57
4218,59
18104,3
1545,33
18101,41
18109,36
18108,30
697,35
3261,54
5579,55
5576,50
5575,50
1541,44
5573,50
11113,55
11112,59
338,3
334,55
3266,55
331,41
330,39
11228,49
11227,59
11225,3
11222,3
11221,34
11220,59
19050,55
19053,34
16628,59
16196,9
16625,59
16622,35
16623,59
16621,41
16197,9
12758,39
12759,41
6107,40
6106,54
6105,50
6104,53
6103,54
6102,52
6101,20
12751,9
16995,41
16997,9
16992,55
16993,9
9111,59
9110,41
9113,52
9444,59
9115,59
9117,33
9116,33
16448,57
16449,41
12281,41
16442,3
16443,54
16441,44
12288,55
16444,54
12755,3
21480,57
12752,9
21488,53
21489,57
3416,54
8022,55
21378,53
3415,41
3413,41
21372,33
21373,59
21371,35
21376,54
8020,54
3418,54
8021,39
8026,52
10665,3
10661,39
10662,55
2016,44
2010,9
2013,20
2012,35
18481,34
14103,44
18483,59
18487,58
18488,39
17716,55
17710,20
17712,57
17719,55
13157,35
13151,55
9033,51
20680,59
20682,55
20685,50
13159,55
10593,3
10596,41
10597,52
10594,55
10598,50
10599,52
18667,41
18660,54
18663,9
20357,59
20353,59
20352,30
17900,49
17901,59
10253,50
17906,9
17907,47
10255,3
10254,57
9445,30
9443,41
12992,35
12995,54
12996,54
12286,55
1340,41
1341,33
1342,33
1343,49
1344,59
1345,33
456,59
1347,20
8119,30
6929,9
6928,41
15415,35
6927,45
6926,3
15410,39
15411,35
8115,41
7710,39
7715,41
6522,52
8374,35
8373,55
8370,55
8378,33
13711,55
13715,53
13714,54
13717,57
3971,59
19420,55
3973,20
19422,53
19424,53
3977,44
19426,35
19428,54
3629,59
3620,27
3623,54
3622,9
3625,2
3624,59
3626,44
15797,44
11413,34
11416,53
11418,54
16299,59
16297,40
16294,58
17478,48
17479,41
17470,39
15790,59
4470,47
4472,59
4475,50
4474,30
4477,41
4476,50
19865,59
2467,36
2462,20
1024,55
20161,59
2468,58
20165,59
20166,59
16873,54
16872,54
16871,3
20893,35
16875,41
3417,54
6312,40
6313,52
6310,44
6311,57
12147,39
12146,41
6315,9
8530,44
12149,52
10439,33
10129,51
10128,55
9657,3
9654,35
10431,59
10430,50
9306,33
10432,54
10435,41
10434,55
9302,9
10436,52
18870,59
18875,57
8969,52
8968,33
8962,41
8961,35
8965,44
1644,59
1643,50
1642,50
1649,41
1648,33
18294,59
2809,33
2802,54
2803,55
2800,53
2806,53
2807,52
1420,33
14739,3
1425,51
5437,53
1427,9
3364,30
1428,50
5438,50
3367,41
3360,39
6323,57
4273,57
4277,54
4276,59
5555,44
5556,59
5559,55
5558,41
13482,58
4867,45
8588,35
8581,53
8580,52
8582,52
14340,35
5880,35
5889,54
5888,47
8275,50
15065,53
6556,35
15061,55
6551,59
6552,44
15062,57
16013,40
19775,35
16016,52
5879,9
7504,9
7505,57
354,3
7500,35
7501,35
9880,49
7508,57
16604,55
3759,54
16607,48
16600,41
16602,50
3100,54
16608,59
12774,39
12775,35
12424,35
6121,30
6120,27
12772,30
12778,35
6128,35
10115,40
10440,55
10959,35
10110,54
10950,54
16460,54
21175,44
21176,44
21177,3
16465,54
21173,59
16468,33
16469,33
15970,41
21178,44
21179,53
12426,35
2259,27
2257,36
4637,9
2253,59
2252,44
2251,41
21350,57
21352,59
21354,59
21356,59
21357,41
21358,41
21359,50
19913,39
13787,54
2785,2
4801,33
2787,33
4803,57
4804,41
4805,59
2783,55
4807,9
4809,35
2789,59
16726,33
9465,41
2079,54
10601,50
10606,3
11602,54
2073,2
10608,3
10609,57
4098,36
11954,41
18465,39
17738,55
9792,36
9797,35
9795,35
9799,30
14389,35
4027,3
18602,59
18600,54
18606,44
18604,35
18605,54
20401,57
20400,59
20407,50
20409,3
20453,52
12978,54
15656,3
12974,55
15655,40
8794,52
15653,3
7080,49
7083,59
7085,27
7087,3
7088,9
9807,44
20421,59
20420,30
15384,39
6494,9
6497,41
15387,49
15380,49
6493,35
8177,54
6499,54
6498,51
15478,41
15479,55
6943,9
6941,35
15471,9
15476,40
15477,44
6944,20
19966,59
15446,35
20358,34
8399,52
8394,50
8396,41
8391,52
8162,55
4398,33
4399,33
4397,33
1366,44
1367,50
1364,57
3194,54
3192,39
474,41
478,41
3199,36
3198,41
4026,3
164,53
13735,55
4025,33
4023,9
4021,57
13292,9
4028,30
4029,44
11381,55
11385,47
11386,55
11387,35
19159,55
19409,55
3997,20
3996,40
3994,50
3993,54
3991,41
3990,55
299,53
293,49
290,35
2440,33
2447,20
12524,36
2449,30
7867,54
7866,54
7865,20
7864,54
7861,33
7869,49
12520,59
16819,50
16818,40
8091,41
16811,38
16810,57
16813,50
16812,50
16815,50
16814,57
16817,52
16816,57
12128,33
6372,49
6373,35
12125,39
12127,55
10140,41
10414,55
10411,59
10146,54
10419,55
10418,39
9638,41
9328,55
9326,30
9324,41
9637,41
8940,41
8943,41
8945,41
8944,41
8947,54
8946,59
8948,2
18851,45
5407,50
3394,41
1623,35
1622,41
3205,54
1620,55
1995,39
1626,41
1996,41
5188,49
1628,20
2862,3
559,54
558,54
2866,44
2867,35
555,27
554,33
557,50
551,55
550,47
553,41
552,53
5054,33
14715,39
1198,50
3348,58
3349,35
1191,52
5451,57
1193,55
1192,44
5454,55
3347,45
3344,54
3345,55
4259,31
4258,44
4253,33
4257,57
18149,41
5532,40
5530,52
5537,54
5535,57
5538,44
18145,41
16574,55
6572,33
6573,44
6576,35
6577,27
15045,9
6575,33
6578,30
15048,35
5100,57
6220,55
7694,27
7696,27
7690,27
7693,41
7698,41
6227,52
3830,20
3831,27
3833,54
3838,9
3839,54
12668,55
11102,20
379,41
378,58
7520,33
7521,3
371,54
372,41
6655,55
377,35
376,51
16662,59
16663,55
19364,41
19365,52
16667,54
16664,58
16665,52
16668,59
19368,54
19369,57
6147,57
6146,53
12714,58
12715,50
14646,52
6149,44
12719,54
10971,51
10972,57
10973,50
10974,50
14860,59
19653,39
10978,41
19650,53
6920,9
16171,9
5919,41
6922,3
19657,59
21112,44
21113,34
21117,59
16488,54
16486,57
16487,34
19307,20
16480,44
16481,55
2275,44
2276,52
2271,41
2270,52
2273,32
9763,3
2279,59
11597,41
11599,41
11598,41
17282,3
17538,54
17285,3
17284,49
17289,48
2055,59
2054,41
2056,54
4827,50
4536,41
4537,55
4820,57
4821,33
9403,41
11622,52
11621,59
7983,54
11627,2
7985,2
9405,40
7987,53
11629,59
10623,3
10625,55
11979,55
11978,52
11977,59
11976,57
17758,39
20648,59
17751,59
17753,59
20646,52
20641,41
20640,59
13199,55
13192,52
13191,57
13190,35
13197,55
13196,54
13195,51
13194,41
20469,35
20468,53
20398,55
20393,34
20392,59
20463,59
20465,35
20396,41
20395,59
16311,55
10088,39
10089,44
7322,55
7323,35
10085,54
10086,41
10080,30
10083,52
18445,39
21060,55
18443,3
18448,48
15674,55
12956,41
15672,54
15679,52
8225,49
800,35
7068,54
7067,9
7066,49
7065,55
7064,41
7063,54
7061,53
7060,54
18621,48
18627,59
6961,39
15451,47
12480,36
15453,35
15902,33
12487,41
15900,35
15457,33
8624,9
15459,49
12488,49
8155,59
15908,59
15909,53
5898,57
16370,9
9988,36
9984,41
9985,59
9981,55
11025,30
14504,54
11027,39
14506,54
11029,54
11028,44
416,58
410,52
1384,57
1387,30
1381,59
1382,33
11369,54
11362,41
19178,52
19171,59
19170,59
19174,59
1771,54
19280,55
19283,54
19285,48
1773,36
19286,41
19826,41
6689,54
6680,52
6681,52
6682,41
6683,33
6684,33
6685,33
6686,33
6687,54
2428,55
2429,52
2421,59
16837,33
16836,33
16347,50
16346,59
16833,24
7848,41
19823,51
16342,44
7845,40
7847,54
7841,59
16348,44
16839,33
16838,33
6356,49
12106,54
6352,39
6353,9
6350,39
6358,55
9343,9
9612,33
9613,33
9346,59
9611,44
9348,35
9349,35
10165,44
10163,40
10162,33
9618,54
9619,41
21255,57
21254,59
21257,57
21256,59
21251,41
21253,41
21252,59
21259,59
14888,54
1815,9
1816,47
14881,3
12084,39
14886,35
6070,54
1608,52
3229,54
3228,35
1601,35
1975,35
1602,50
3223,54
1606,9
13276,48
1555,33
13274,9
2163,33
13270,35
13271,35
13279,35
2849,33
2847,55
2843,39
3320,54
5477,35
5474,55
5475,44
5472,36
5473,41
5470,34
5471,35
3329,45
14263,41
9894,50
3970,35
5042,36
18166,52
19427,59
18160,35
20485,35
5511,9
17993,41
5517,54
5516,54
536,33
535,57
534,52
533,59
532,55
531,33
530,59
539,52
538,52
1909,48
4000,44
11105,41
15029,55
15028,57
15590,59
15020,41
15023,57
6514,33
15024,51
15027,57
15026,34
8707,49
15594,59
3817,44
8704,55
8457,52
8454,27
8453,9
8458,59
7548,55
7541,58
7544,34
16648,41
16649,48
16139,3
19344,51
16641,59
16642,34
16644,55
16645,40
16130,24
19343,54
6169,30
12731,39
6163,30
6165,59
6166,30
10998,41
10999,50
10992,41
21138,35
21130,39
21131,30
21132,57
21133,54
21134,51
21135,57
21136,40
2213,33
2212,50
2211,33
2219,54
6130,33
17519,41
17518,41
17513,54
17511,3
8521,44
4518,9
12580,33
13462,35
4510,41
4517,52
11649,50
9428,52
11103,9
11643,54
9422,33
9425,44
11644,52
9427,50
17777,54
5288,3
17775,55
18205,54
17773,52
17771,30
17770,41
5281,30
5283,54
5287,55
5286,41
20669,44
20668,53
20662,35
20660,57
20667,3
20557,49
21394,41
21391,3
21393,54
20915,50
20446,59
20917,54
20443,53
20442,59
20913,59
20440,59
20919,30
20918,59
20448,59
9025,9
10240,33
7302,44
9288,35
7305,54
9285,54
9284,27
9287,52
16470,33
9280,55
9283,55
11910,41
11913,39
18421,35
11915,54
11916,41
18429,35
15613,57
15610,39
15616,41
12937,47
9477,33
7045,51
7046,41
7041,20
10200,30
18686,39
9475,52
7049,58
7048,52
10208,54
10209,3
18399,3
18392,41
18394,41
21536,36
18396,35
18397,35
8608,3
8602,3
6985,41
15920,41
8607,39
6981,49
14697,55
2983,35
2982,55
2985,58
21166,57
1019,9
1015,55
1016,55
1017,52
1010,53
1011,50
1013,49
4358,44
4357,57
4351,57
4353,53
11007,30
14525,57
14524,52
438,34
439,34
436,41
435,55
11344,41
11340,52
11348,41
11349,55
19113,51
5708,9
5707,33
5701,33
15337,55
15336,59
2247,35
15785,55
20168,50
9101,52
16587,50
16585,58
16584,59
16583,54
16589,55
16588,41
12697,54
12696,39
12694,39
12692,2
12690,3
12699,41
12698,27
10834,55
1433,50
10831,9
10833,54
10832,55
10839,53
5355,57
19803,57
19802,41
21095,59
16360,50
19807,35
16365,53
7823,2
16369,55
7820,41
7826,59
7825,36
7824,35
17180,58
17182,54
17184,41
17186,58
9369,33
9366,57
9364,40
9365,41
9363,54
21272,59
8987,35
8986,40
8981,52
21275,50
8982,3
21278,54
1832,30
1836,41
1837,52
1835,54
3795,20
3797,54
1839,3
3790,55
3793,35
3792,49
4981,41
2155,39
4983,30
2405,55
2151,51
4987,58
2153,33
2159,54
2409,59
1951,3
14069,49
1959,35
3243,55
3241,55
16874,54
1990,30
13258,9
13255,58
13256,49
18986,54
18988,54
1483,33
1480,9
5499,35
3309,35
5494,59
5495,59
5496,57
1488,55
3302,9
3303,30
5492,59
20058,35
10612,59
1438,52
18188,55
18187,55
18186,30
18180,59
18182,54
2792,41
2065,34
518,45
11043,35
513,33
512,33
514,33
517,33
1226,3
1225,52
1220,41
1229,59
1228,41
8291,52
15006,59
6534,59
15004,9
6532,54
6533,59
8297,52
8296,44
8298,41
15559,57
15558,32
6538,41
6539,54
19763,41
15560,39
11049,55
16006,35
11048,41
5868,41
3879,51
3870,50
3872,44
3873,54
3874,52
3875,33
8479,41
8478,30
8475,34
8472,54
9652,52
7568,39
7569,35
19329,30
19325,20
9305,35
8244,3
4167,54
4165,9
4161,55
4160,55
4169,57
9301,53
20698,54
2239,35
2238,33
998,50
2231,49
2230,54
2234,52
2237,51
2236,53
5937,55
16115,35
5935,54
16117,54
16110,53
5932,2
16112,41
5930,57
19639,44
5938,40
17573,41
17574,41
17576,54
17579,54
3492,35
3490,30
3491,41
2097,41
4574,59
13404,39
4576,30
2092,57
4579,41
2099,57
11667,53
11666,40
11664,53
11663,55
11661,41
19906,41
20600,44
20605,59
17798,54
20606,57
17795,50
17791,52
11308,44
20932,57
20931,53
20930,57
20937,59
20936,30
20938,50
11301,53
7362,51
7363,54
7366,47
7367,3
12316,39
12317,54
18402,35
11934,39
11933,54
12318,55
11930,33
12919,39
12910,30
15632,57
12914,52
12915,57
15636,35
12917,41
7023,45
7020,49
7027,49
7024,20
10224,9
10225,59
7029,36
10227,44
10222,54
21517,20
21512,35
9833,41
20432,44
15944,59
7591,9
7791,54
7790,53
7797,49
7796,20
20719,35
1039,51
1032,41
1033,57
1030,35
4378,44
4372,53
4370,44
4371,41
4376,59
4374,54
14549,33
11060,50
11063,54
14542,41
14545,33
14544,27
14547,33
15494,41
15495,59
8662,3
17899,39
8666,41
8667,3
17892,30
17896,36
4080,39
13790,54
4084,58
4085,49
4088,49
4089,59
11322,35
11320,53
11327,9
11324,41
5729,33
5722,33
19136,54
5720,33
5721,33
5727,41
5724,35
5725,44
11498,3
11499,59
11490,47
11492,41
11494,40
11497,55
8085,41
8087,34
8080,3
8089,35
19790,44
16569,59
19796,54
19799,54
16561,44
16563,51
12679,41
12674,57
12677,41
6647,33
6641,50
6642,57
12672,57
10811,55
6184,30
10817,41
10816,30
7802,3
21078,54
19860,51
21077,49
21076,30
21071,54
16304,39
21073,54
19866,55
12531,55
2396,33
2397,33
2393,57
2391,33
2398,54
4135,41
21219,59
21218,59
21211,59
21210,41
21215,50
21214,44
2722,49
1858,39
3841,54
1853,59
5690,41
2173,55
2175,30
4965,35
4964,41
4963,41
1933,39
1932,58
3263,41
5431,53
5128,50
3264,54
1934,3
3269,55
5125,30
5126,55
5127,3
5121,54
5123,30
1429,31
9192,49
13231,39
13236,30
13237,49
14220,3
14957,45
14954,57
14736,41
18210,55
14959,45
20038,39
20039,35
20037,41
20034,35
20035,41
6886,41
6887,55
6884,41
6880,59
6881,33
6888,35
1209,55
1208,55
1205,59
1207,35
1201,3
1200,50
1203,41
15571,54
15570,59
15575,31
8276,27
15579,39
15578,39
8270,59
16094,3
16097,35
1351,57
461,33
6668,44
12204,59
6669,57
12205,55
1354,54
9809,9
7584,9
9804,55
7583,9
18120,57
12202,55
12203,41
6483,39
12654,39
15391,58
6481,9
4149,59
4145,55
4144,33
4146,41
4141,57
4143,41
4142,57
3856,55
3857,54
3853,50
6485,59
14859,54
3858,33
19667,57
5964,3
5965,54
16173,49
16170,54
19651,52
19304,52
16177,36
19654,54
16175,59
19308,57
5914,33
19658,3
16140,49
5911,59
5910,39
5913,57
5912,59
16327,35
17559,55
17558,52
17556,57
17554,33
17221,35
17551,54
19844,30
4554,50
4555,35
4552,3
4551,54
11689,52
11685,50
11684,44
11687,52
11683,44
17540,49
8866,47
20628,53
20624,35
17545,59
8865,59
21408,54
14984,55
16796,41
16797,57
16794,3
16795,57
16792,54
8860,50
8861,47
16798,52
16799,57
12087,54
6075,36
12085,59
6073,50
12083,55
12080,9
21405,57
6078,44
20959,35
20489,54
20488,59
2613,52
2611,27
20480,44
20954,34
2619,34
7346,33
7344,9
7342,54
7341,35
10794,54
10027,44
10796,49
10025,55
10790,54
10023,50
7349,27
13435,41
12338,35
12339,41
12334,59
12336,39
12331,54
12333,39
7008,59
9029,59
7001,55
10243,33
9027,54
9020,41
10245,55
18682,41
21538,9
21539,3
18688,55
18689,30
21532,9
741,51
743,55
745,55
748,20
2948,35
2946,54
2945,54
2944,35
5357,41
5356,59
1052,20
5354,44
5352,41
5351,27
5350,51
1059,32
5359,50
5358,49
4310,55
4313,40
4318,55
15067,50
11047,59
11046,44
14563,54
11041,54
18028,40
18029,54
3118,55
3117,55
3115,30
3111,39
3110,35
15961,41
15963,9
15964,9
15967,55
15968,41
15969,34
8644,59
8641,35
6559,55
5740,41
5741,50
5742,33
5743,55
5744,50
5746,41
11300,52
5749,57
11302,50
11305,44
11306,52
11307,59
21040,54
17874,41
15217,41
12534,9
12532,55
15213,41
15210,54
15211,40
12538,35
16098,9
16549,27
16091,54
16093,41
16095,3
16546,34
16545,34
16096,9
12659,44
12658,52
12652,9
12651,9
6661,54
12657,39
12655,35
6665,41
10879,52
10870,52
10873,55
10872,54
10874,54
10877,27
10876,35
19515,58
16890,33
16893,58
16324,34
19511,39
19510,54
19512,36
21053,50
21051,41
21050,20
21055,59
16176,24
2379,54
2374,9
2375,41
2376,41
2370,41
21237,57
21236,57
21234,50
21233,44
21232,59
17873,41
21238,50
1877,44
1875,30
1872,50
1873,33
1871,3
2118,3
2110,36
2112,50
2114,55
2115,35
2116,54
14028,20
13708,55
1919,39
1918,9
17054,30
17052,39
17053,54
3287,41
1910,35
3285,31
1912,9
1917,58
5105,52
13210,41
13211,54
13212,54
13214,50
11136,55
18375,35
10499,59
10498,54
18372,35
883,59
882,55
18239,54
18238,54
14978,41
14974,9
14975,55
889,9
14970,57
18236,35
18234,30
20546,50
20012,39
20545,57
4015,59
20548,59
356,54
9884,53
20943,57
15397,34
353,30
352,48
6616,41
6869,41
15396,41
6864,27
6865,59
15777,52
20945,54
6860,52
6861,33
6862,27
6863,55
9580,33
7352,54
9238,57
9239,54
8255,55
8254,59
1269,41
8252,3
1263,9
1260,47
8259,55
8258,20
1265,57
1264,57
5102,35
8788,33
9235,59
15511,55
15510,49
8781,54
8780,41
15515,53
1913,36
8785,33
8784,27
7618,30
7611,30
17058,35
17059,35
8430,55
8432,51
8435,55
15584,35
8438,41
9142,39
9825,59
9827,33
9822,36
9829,9
5366,55
6125,30
6124,54
3008,27
15296,55
6123,59
12596,59
8512,54
8045,50
4129,30
12592,39
4123,59
6129,57
4120,55
4127,41
4125,30
5689,54
5684,58
5687,33
5686,41
5680,50
5682,59
9147,9
11515,54
11514,41
11510,54
19679,54
5973,3
5972,49
16152,55
5977,41
16155,55
5975,54
5974,55
17201,3
17206,35
887,59
18231,35
2585,30
2584,33
2583,55
2580,59
14971,57
16285,49
20013,39
6059,51
6055,57
6054,30
6056,41
6051,44
10000,55
2638,41
10002,54
16461,59
2635,35
2637,54
10008,44
2630,27
16463,54
9599,54
9229,49
9590,55
9220,3
12352,59
12353,52
12350,41
12351,52
12356,54
16045,52
12355,35
10261,9
10262,58
10264,3
10265,3
9049,59
9048,55
9040,54
9047,54
9045,41
9044,33
3545,50
3547,54
3542,39
3543,50
21553,34
21550,54
21551,34
21556,35
20976,44
20975,59
20974,57
20973,59
20972,53
2965,36
2964,35
768,54
2961,59
2960,49
2963,59
2962,59
762,41
2968,35
764,41
5379,41
1078,36
1076,41
1074,54
5376,3
5371,58
1070,59
1071,54
13005,54
13007,9
13006,33
13003,35
13008,39
9274,57
4338,36
4339,41
4337,44
4333,35
4330,59
4331,33
3131,39
18009,9
3133,39
14587,41
14586,33
3139,20
18001,9
14582,51
20207,59
20206,59
17857,41
17853,41
15988,41
15989,58
15987,55
15984,52
15985,57
15980,59
15981,57
5767,58
5762,9
15180,59
15188,44
15189,53
15326,57
6436,45
15325,55
12442,2
6432,30
15239,41
15234,35
12515,53
12516,44
12517,55
15230,35
12512,20
15233,59
7427,34
7424,55
7421,58
7428,55
16521,55
16523,51
16522,59
16527,53
12631,59
12630,34
12633,2
6603,35
6604,9
12636,41
6609,59
6438,55
6866,55
16202,53
10856,44
10855,50
10853,57
10851,59
15772,40
16203,54
21031,35
21030,41
21032,59
21034,50
21037,59
21036,53
21039,41
21038,57
19539,36
12187,57
12186,55
12185,33
12184,33
12182,44
2353,53
2350,50
2357,55
17694,55
3738,57
3735,36
3734,33
3730,57
4691,9
4922,54
4692,49
4695,9
2133,49
4697,35
11726,55
11727,59
11724,59
11725,41
11722,54
11723,30
16207,59
11721,59
16388,59
11728,55
5160,3
5162,41
5167,48
5168,35
20784,59
20787,3
17074,9
17075,3
17076,54
17077,39
17071,39
17073,45
4806,54
9697,58
14918,9
14912,3
17766,41
14911,54
20569,34
20564,59
20566,57
20567,44
20561,59
20562,50
10600,52
1798,54
1790,55
1797,33
1794,27
6305,33
15759,33
6849,54
15753,58
6840,59
6841,55
6846,35
6844,41
12150,50
18252,55
18254,30
18257,3
18258,50
6590,40
6591,59
6592,55
6594,52
6595,20
6597,55
6598,30
11057,33
7639,54
7632,3
7631,27
7636,27
7634,40
7635,54
18467,41
16037,54
9841,39
9847,3
9844,41
1537,35
1536,59
1243,41
3091,55
1245,50
1532,57
3094,54
1246,35
16030,52
16740,9
16215,24
4100,49
4105,59
4107,54
4106,49
19241,41
9647,50
16747,41
9641,47
16210,41
18419,30
9640,36
3899,55
3893,53
3890,55
3894,53
3895,59
17616,57
17617,57
5951,54
5950,59
11539,55
5955,54
5954,3
5958,2
8951,9
17224,3
1457,49
17260,36
17264,9
6033,33
6030,55
6035,32
6034,35
9205,35
9207,35
10061,33
10066,41
10067,41
9202,47
2652,41
10068,54
2650,54
9208,35
3039,54
7388,44
7382,54
7381,55
7386,39
7385,33
12374,54
12378,55
12379,59
17223,9
9065,35
9064,39
9066,59
9069,35
10284,59
10282,55
10280,55
21571,54
21574,9
21576,31
3563,41
3564,36
3565,41
3569,59
17489,59
17488,41
4481,30
13393,54
4488,35
146,54
2907,54
147,54
704,3
706,54
707,33
700,33
701,33
702,33
703,51
11883,55
14619,54
11884,52
11888,41
20195,57
5318,9
20191,59
140,52
5313,44
5312,59
5317,44
5316,52
5314,59
13023,41
13021,47
13027,40
13026,57
13025,53
13024,39
3153,41
3152,20
18068,57
17877,36
3157,41
17872,54
3154,41
18062,57
18061,58
11087,27
11086,55
18065,59
20223,59
20221,59
20220,59
20226,59
20228,59
8577,44
8571,41
8572,55
8578,39
8579,53
15258,33
15259,52
12572,52
12573,55
15250,55
12571,39
12574,54
15255,20
7404,52
7407,9
7406,35
19081,9
19087,41
16055,52
19734,36
19737,54
19731,51
16502,55
19732,41
12619,49
6629,33
12616,50
6622,55
6620,59
12610,54
19559,30
12503,30
21019,54
21018,30
21017,57
21016,34
21014,59
19887,59
21012,57
19557,35
19556,48
15227,55
15226,47
4714,48
2332,33
2333,50
2335,52
4712,35
2337,57
2338,59
2339,33
12504,31
3717,9
3711,41
3713,52
17677,41
17674,35
17672,44
17673,41
17671,54
4908,54
2488,52
4901,44
4900,33
2484,59
2482,33
2483,50
12973,54
7437,58
11708,55
20766,54
11705,53
11706,3
11707,41
11700,52
5148,49
5149,35
5146,58
5141,55
123,55
124,9
125,54
126,59
127,30
17012,24
20767,40
17011,41
17015,55
7221,58
15354,44
7956,33
7955,33
7222,9
7953,52
7226,59
5423,55
10342,47
20502,59
15778,51
1181,59
20507,44
7247,54
7245,54
7244,59
7240,41
9160,59
10694,49
9163,35
15886,57
15733,44
15732,57
6825,33
15881,59
6827,33
15739,41
15889,57
15888,59
10545,36
10544,53
10547,54
10541,55
10542,33
10548,41
6674,53
12646,9
14282,54
14932,54
14933,55
14934,33
8810,57
18904,55
18906,41
18271,35
6670,52
8219,52
6495,59
8748,41
8747,3
8745,59
8212,58
8742,44
8741,53
8740,57
7650,41
6496,52
7657,33
6491,59
8176,35
16086,44
4249,54
939,41
9566,44
15389,49
9869,55
12271,52
10746,58
9861,55
9860,59
4241,33
9867,55
9866,9
14427,40
11144,41
930,30
14423,41
937,55
11149,30
1519,35
1512,41
14551,33
16159,55
5389,9
6964,58
11832,49
11833,41
11551,35
11550,51
11553,35
11555,3
14842,9
11559,30
11558,3
11831,39
19674,50
5976,52
19506,30
19507,54
16332,41
21047,44
19854,50
21042,57
16337,52
16266,59
16264,55
260,36
16262,54
16263,59
16269,59
6010,59
6014,59
6017,59
6018,57
14995,44
17248,36
17247,39
17246,9
17245,3
17241,35
9263,57
10049,39
9260,59
9267,59
9266,33
10738,49
10040,44
983,55
10042,51
9268,27
986,59
10046,52
18962,54
12398,39
12399,35
12397,39
12394,36
12395,36
12390,55
12391,52
11940,39
9088,54
9087,41
9081,9
3509,30
5089,52
5083,33
5082,51
5081,41
5080,41
3505,47
5085,33
5084,44
2671,41
2672,35
2674,59
2677,35
2929,59
2928,33
2920,27
2924,41
2927,51
2926,51
5331,55
5330,45
5332,54
5335,41
5334,35
5339,53
18590,54
18591,44
18595,39
13041,54
13043,41
13045,3
13046,3
18040,41
18732,59
18730,41
15077,33
18048,59
18738,30
17812,54
17813,30
17810,51
17811,52
17816,30
3176,41
20249,59
20241,53
20247,9
724,54
725,39
722,33
728,50
1160,50
1169,40
6549,52
470,27
1363,33
1360,27
5250,49
12806,3
12551,53
8556,33
12803,41
15276,54
8555,33
15278,54
8005,59
8558,54
8559,52
8000,41
8001,59
5257,59
17687,51
791,35
5255,30
17685,44
7469,54
7468,52
7462,52
7466,50
7465,50
7464,41
19719,54
19713,54
19712,44
19711,20
19710,59
16077,30
16076,45
16075,3
16074,39
10899,35
10893,54
10892,41
10891,59
10897,50
10895,41
10894,27
2781,33
4930,50
4732,53
4733,54
4735,45
2316,50
4739,45
2312,55
2310,45
5854,41
5850,3
5858,35
3772,27
3771,44
3770,3
3777,55
17651,54
3775,54
3774,33
3779,36
17659,55
4654,3
4657,49
13543,39
4659,54
17384,9
16380,34
11768,35
11736,59
16385,59
19572,55
19571,34
16386,59
7880,59
7883,50
11767,55
7887,44
11765,39
20744,54
17031,59
20746,52
20747,59
17034,34
17035,44
17036,36
17037,50
17038,35
17039,35
108,33
109,55
100,58
105,8
11121,30
21291,55
21293,2
21292,35
21295,44
21297,55
21298,57
20523,50
20525,51
20527,57
20529,50
10387,27
10385,9
10381,50
10388,35
16925,41
16926,3
16921,57
16923,54
16922,39
7264,53
7267,33
7266,33
16929,3
7260,41
7263,35
12235,39
6205,33
12237,54
12236,41
12231,57
6201,36
6202,54
6208,48
3999,54
15719,59
6809,52
15717,51
6807,41
15715,59
7510,35
15861,41
6801,33
10563,35
9745,49
10561,50
10566,54
9742,41
10564,59
21435,59
21437,59
21436,59
21431,53
21430,57
8835,9
18922,41
18921,41
18920,35
8830,55
16670,34
7678,54
7679,35
7676,52
7674,58
7672,41
7673,55
7670,20
16677,41
1759,44
1752,44
1751,55
1285,50
1284,52
1287,54
11168,59
1280,55
1283,57
11166,45
11160,9
11161,41
14402,33
8765,30
1579,35
8761,49
8760,49
684,35
1571,54
686,50
1577,54
8768,27
1575,54
682,41
13834,8
6157,41
12875,36
8050,55
5629,52
5627,32
5624,52
5620,9
8493,30
8491,33
8490,33
8497,41
8496,41
5994,59
5991,44
11579,35
11578,44
11575,41
11574,3
5998,9
11571,33
11570,52
11867,41
19380,41
19381,54
19383,55
19386,41
19387,35
5660,55
15032,33
6783,52
6785,57
6784,9
6787,50
6789,41
6788,41
14900,54
7888,35
247,41
246,36
19968,41
16718,55
242,30
19964,35
16717,33
16246,34
16247,54
249,35
16241,9
19962,41
16711,55
12005,49
12003,35
12001,33
9539,9
9538,51
9240,33
9535,35
9242,31
9532,3
9531,33
9246,54
15037,54
3699,54
3694,9
3695,57
3697,59
16495,55
3526,9
3520,9
3528,3
16244,44
10714,54
10715,34
10717,35
10710,49
2699,54
2695,55
2693,59
2691,50
14875,49
14876,49
14873,39
14872,49
13067,35
13064,50
13062,40
13060,41
18718,57
18719,50
18713,52
17839,41
20264,58
20262,39
20261,45
17834,59
17835,51
20269,59
17837,54
1147,9
1148,35
7884,59
7199,35
7193,44
7192,57
7191,59
7190,57
7196,47
11,59
10,54
13,50
767,54
8028,33
8029,3
12829,55
15299,33
12824,27
8023,54
15294,41
15295,52
15292,47
8027,52
12822,41
12823,45
7441,53
7443,55
7442,55
7444,44
7449,52
8184,39
4286,49
4285,33
6873,54
4288,59
5090,59
381,41
387,54
388,50
389,55
10427,52
4751,53
4755,50
4756,36
5873,41
19773,3
11299,41
5876,54
5875,51
11292,41
11291,9
11297,35
17632,2
17633,39
17630,57
3751,59
3750,33
3755,52
3757,33
4632,3
4630,35
2194,53
2196,55
2198,54
4638,36
11743,9
11744,54
11746,39
11748,54
19663,9
14417,34
20721,30
20894,59
20896,53
20725,41
20898,55
20728,59
168,55
169,50
13290,48
13291,30
166,33
167,50
160,50
162,41
163,33
4814,50
6198,59
6199,55
2737,35
20090,30
20095,30
9187,59
9184,55
9182,9
9181,36
10367,35
10361,54
9189,59
16903,35
7209,27
16909,40
16908,58
11967,44
12213,41
6223,54
12211,34
9413,54
12216,55
12215,30
6225,41
12219,51
15841,55
15840,36
10509,54
10508,9
9760,36
9761,36
9764,3
10500,52
9769,9
10505,35
10506,35
21413,59
21412,50
21411,54
12122,9
21416,59
21415,59
21414,59
21419,41
8859,57
8858,57
6376,36
8853,54
8850,35
8857,35
8855,41
10416,49
5274,58
5276,47
5270,30
5272,39
5273,48
5278,35
18360,35
18362,39
19742,50
1550,9
11109,59
3038,9
1554,50
3034,35
19744,41
11100,9
11101,54
11106,50
11107,41
11104,41
19033,3
15591,55
8702,59
15593,54
15595,54
5805,9
15597,54
15596,41
15598,55
8708,50
201,57
13854,40
19254,59
5604,33
19255,41
5600,59
5603,33
5602,52
5609,39
5608,51
4690,9
19927,30
16409,54
17140,35
138,44
15335,41
12454,41
12457,3
6427,55
6420,52
18859,41
6422,55
6428,3
6257,50
6767,41
6765,59
6764,39
6763,54
6762,55
6761,33
9977,55
9976,41
9975,9
9973,59
9971,54
9970,52
10311,41
9978,41
16734,35
16735,59
16737,54
16739,30
12024,30
12027,39
12022,57
19902,41
225,39
16221,57
12028,35
220,39
11395,55
11794,49
2505,55
2504,59
2500,54
17174,41
17171,54
5048,52
5044,54
5043,52
17178,54
9515,3
10773,3
9510,30
10774,39
10779,3
9519,59
11829,41
14679,20
18557,35
18554,41
11826,35
14672,55
18882,51
11822,9
13089,41
13085,54
15053,59
18778,41
5183,3
18773,30
18774,41
3204,35
10057,54
20284,59
20286,59
1994,41
10196,57
10197,41
10192,30
10191,36
1128,50
1122,59
1123,55
1124,34
1125,36
15109,59
15107,54
15104,52
15103,55
18085,30
18080,41
8040,20
8514,51
8044,3
8513,54
8510,41
8047,44
8048,59
8518,41
12848,3
12842,3
12843,8
12841,58
12846,49
5097,55
4776,49
4777,50
4774,55
4775,52
4772,54
4773,34
13649,3
4779,27
15669,57
5818,31
5819,49
19029,59
19758,41
5810,3
5815,58
19751,54
19022,39
17618,41
17619,34
17349,41
17346,35
17347,41
17612,41
17342,35
17343,39
17340,41
17341,35
4610,59
4613,54
4615,55
4617,45
13507,35
20708,44
20709,30
144,48
145,55
142,57
143,33
20878,30
20879,44
10358,39
20706,50
10359,35
16695,35
16698,34
3342,30
5452,50
17408,30
2711,55
2714,54
2718,50
5455,41
10699,34
7220,55
10349,59
10348,30
7225,54
5456,55
7950,3
7229,50
9165,9
10693,9
10347,3
9161,54
7958,40
16969,49
16968,30
16961,49
16963,3
16962,45
16964,36
10687,35
6248,50
12278,39
6240,40
12270,35
6242,44
6243,44
6244,52
12274,39
6246,55
12276,41
10527,41
10524,44
10529,59
9700,58
9704,3
9706,9
9707,34
21479,59
14993,55
8873,35
6601,34
8879,44
14998,33
18963,41
21474,59
21477,35
12632,39
828,33
820,41
8163,49
12490,35
12492,54
6972,34
5253,9
1711,30
14199,3
1716,33
1715,35
1714,33
5258,35
1718,41
15821,53
15823,57
15822,34
14440,35
18342,55
11123,39
13946,3
11126,55
11128,44
10752,35
5533,41
17979,35
17978,54
18148,3
17975,52
3013,54
17973,55
17972,57
8728,49
8722,54
8725,3
8724,33
8726,9
4189,59
13870,55
4182,41
13874,41
4184,59
5663,33
5662,33
5661,39
11808,9
5667,54
5665,54
5669,52
6402,54
15312,41
15311,55
15310,3
6407,35
15315,44
15314,41
18,41
8186,3
7765,3
7766,33
7767,9
7761,33
7762,44
7763,54
7768,33
3905,33
3900,50
3902,3
3903,57
3908,53
3909,50
6747,44
6746,30
6741,27
6740,30
6743,57
6748,55
9959,54
9954,9
9956,55
9953,35
9952,55
19256,54
16201,9
16750,35
202,44
16206,59
16755,9
19258,55
12042,59
12040,39
21469,41
12046,30
12044,55
12045,54
12048,55
12049,54
835,56
8880,41
3651,33
3652,55
2526,54
2520,41
2522,49
2529,9
2528,54
11465,41
11464,41
11461,3
11460,3
11468,20
10071,41
5060,55
17152,36
17151,54
17157,36
17156,36
17155,47
17405,30
17406,39
17403,35
2748,50
4408,9
4404,44
4407,2
4401,55
9572,57
9570,41
9577,33
9576,59
920,59
922,55
9578,33
924,58
925,3
10756,58
10757,58
14839,45
5392,9
5390,55
5396,41
5394,35
11802,34
5398,9
20119,59
20118,59
20114,54
20117,59
20112,59
12827,41
787,35
9393,49
9392,41
783,59
9399,59
9398,35
18575,41
18576,41
18577,41
18570,49
15049,39
15126,59
15120,54
15121,36
15122,54
15128,41
7158,9
7157,59
7155,55
7154,35
10242,33
18751,41
18752,30
18754,30
12860,50
12861,41
12862,59
12866,35
8069,30
12869,59
8064,36
7484,55
7487,33
7481,55
7483,44
7482,54
780,52
7488,40
781,44
2898,41
2897,41
2896,54
2890,54
1104,55
1105,55
1102,9
1103,41
1452,57
5244,30
1898,36
1108,34
1897,3
13136,55
2137,49
4920,44
4798,54
4794,59
4795,47
4796,40
4797,52
4791,57
4792,50
5835,35
2130,47
5830,9
11256,36
11257,55
11255,55
11252,55
11253,41
11251,41
19009,50
19006,41
10919,50
11787,58
11789,39
14969,53
17364,41
17365,35
6837,50
12783,49
12785,49
8890,53
10321,49
2779,33
10322,35
10324,49
4893,55
2771,33
2772,33
2773,33
2775,30
4894,55
16415,9
16946,55
16417,40
7979,27
16410,59
16941,55
7975,27
7974,54
7977,54
9146,34
7970,49
9497,51
21189,59
6267,35
12255,52
12250,55
21181,57
21182,57
21187,3
12258,52
17097,35
17095,55
17098,9
17099,41
9720,35
20337,59
9728,34
21325,59
21324,50
21455,40
21454,55
21453,40
21451,59
21322,53
846,59
7529,30
3463,49
842,35
8899,52
8898,33
8895,35
8893,52
8892,50
849,54
3468,49
20583,59
20586,50
20584,51
1581,54
20339,59
1584,51
5118,30
1739,32
19360,54
1731,3
5231,9
1732,55
5234,41
1734,50
5236,58
5237,39
13126,33
13124,41
13122,57
15808,54
15807,57
15804,35
15803,41
15801,35
15800,34
3071,41
3072,54
3073,9
3077,54
18321,36
14315,41
14316,33
14310,55
1598,35
18326,57
20324,53
17958,41
20321,54
17952,39
17950,41
17957,54
17956,54
20328,55
12716,55
12717,41
5641,41
5643,41
5644,54
5647,55
8068,36
489,30
484,44
483,59
480,54
6460,33
6461,55
12413,49
6463,41
12415,35
6465,55
6466,59
7746,33
7747,41
7749,41
3922,59
19491,35
3920,54
3926,55
19499,30
3928,35
6723,55
8306,35
6721,54
6726,41
6725,41
8300,44
9072,55
6729,59
8309,20
14,59
9930,52
9937,52
9936,33
16779,39
16770,39
19270,55
19272,41
16777,3
12068,41
6091,39
6090,9
6093,41
6092,54
12064,33
6094,59
6096,54
3672,50
3673,41
3676,57
3674,33
2543,54
2542,45
2540,54
21114,50
2544,55
2549,54
2548,50
1456,47
11443,59
11441,41
11440,32
11447,35
11446,3
11444,30
11449,54
3580,33
5002,35
3582,57
3584,49
3585,59
3587,41
3589,41
1101,53
17429,30
3290,20
17134,41
903,9
4429,30
904,55
13333,9
4420,52
4425,41
9559,35
9558,57
9551,40
9554,3
9557,54
9556,53
6218,2
20138,53
20132,59
20137,54
20135,44
16953,49
11861,39
8935,44
11863,41
11862,35
8930,33
11864,49
18514,49
11866,35
18519,3
14818,45
15141,59
15146,41
15144,59
15145,44
15149,41
7177,9
8628,41
2917,9
19850,59
1696,36
1694,55
1692,30
1693,39
12888,41
12889,55
12886,55
12885,55
12883,20
12880,39
12468,3
15309,54
14761,54
6848,50
1814,33
1477,41
12465,3
1478,9
12460,41
6410,41
4228,33
12462,35
12463,49
4220,33
4223,55
5586,55
27,50
5582,57
5583,53
22,30
23,55
15757,57
5309,41
11274,55
11276,9
13688,45
11270,41
11271,45
11272,55
11273,30
15565,54
11279,41
19856,35
19062,58
19069,35
5304,41
3912,41
19480,49
8502,33
2281,54
19681,41
19680,59
19683,41
6730,33
4829,36
10905,3
10904,47
10907,59
8317,52
10901,41
17304,3
17305,3
10909,54
10908,54
9124,35
9127,59
10306,35
6737,55
10302,41
16432,52
16430,41
16437,33
16434,55
7913,33
7912,55
7914,44
7980,55
6288,52
8234,39
6280,33
12138,54
6282,55
6283,50
20833,59
20836,59
20837,34
20834,51
185,35
7984,51
20838,59
21303,35
21302,34
21301,55
21300,44
21308,59
10622,35
868,55
11628,33
3449,3
861,59
3446,3
865,54
3440,35
867,9
866,33
2756,52
2025,3
2026,44
2027,54
2020,57
2750,50
2751,59
19655,53
2028,50
2029,34
9337,55
5216,58
5214,35
5215,9
5212,49
5210,9
14156,51
10404,54
14154,54
5219,59
9332,41
13105,39
13103,54
18307,44
14485,41
18303,57
18302,3
18300,54
18658,41
18309,57
18308,52
17930,36
17933,58
3056,20
3053,9
20308,44
20309,34
20304,53
20300,59
20302,59
212,52
15688,33
17752,55
15680,34
15682,54
1317,59
1316,55
1315,55
1314,50
1313,54
1312,35
1311,52
15425,41
6447,50
15427,59
6917,33
15421,49
12432,36
6912,35
6441,54
15429,36
15359,40
7728,57
7729,55
7722,55
7723,50
7725,27
7726,59
3948,54
12079,44
19478,9
19474,52
19475,59
3944,33
19473,41
3946,50
6709,33
6708,47
6701,52
8327,54
6702,20
6705,33
8320,54
6707,20
8322,54
9914,53
12073,39
4055,3
4052,41
4051,45
3612,49
3619,55
2569,53
2568,40
2561,57
2560,53
2562,59
2565,49
2567,44
2566,57
11429,44
11428,33
11425,36
11424,52
5029,57
17440,58
17115,54
17442,9
17113,54
5021,33
5020,41
4440,33
4446,33
4447,54
960,41
963,55
968,59
969,45
20151,34
20159,39
20391,59
3092,39
3093,9
20467,49
3096,41
1244,33
3095,54
10467,35
10464,36
10462,54
7320,33
8912,33
18539,49
8916,41
18828,50
8915,44
11847,41
18531,35
8919,41
11843,35
11841,41
15161,41
15162,55
7113,59
7111,41
7110,41
7115,50
7119,45
1963,3
18795,30
1678,51
1679,51
1675,3
1676,41
1677,59
1673,20
14744,44
11966,52
1412,9
1414,41
4201,41
4204,54
4205,53
12788,9
5564,2
5565,59
5566,50
5567,54
5561,3
5563,53
302,9
304,54
11210,41
11211,54
7296,35
19045,58
19044,58
19042,41
19041,36
3356,41
15244,30
4898,35
4892,44
4890,41
16638,27
16185,35
16635,59
16188,49
16633,57
12748,36
6115,59
6111,49
12743,9
6113,55
17328,9
17329,30
10921,40
10926,53
10925,52
10924,59
10928,54
7930,35
7935,41
7286,33
7937,36
9454,54
9107,9
9104,2
9450,35
9103,57
9453,9
16459,55
16458,57
16989,39
21148,57
16983,41
16450,55
16981,39
21146,34
16987,36
21140,41
16985,3
21142,34
12298,54
16419,54
12296,59
12294,44
20811,54
20812,59
20813,59
20814,57
20817,57
6264,30
21369,35
21360,59
21491,39
21490,59
17589,55
6612,55
3422,54
3420,50
3425,55
2000,35
2001,9
2006,35
2005,59
4585,41
4584,30
4586,51
4581,50
4583,55
4850,55
18497,49
15450,3
18495,34
14177,54
18493,30
18490,9
14178,9
11989,39
12259,39
11982,41
6965,9
11980,57
11981,39
6619,36
8629,49
15901,33
13168,35
10584,35
6968,41
13163,20
13165,52
11183,35
12489,2
18674,35
17915,35
8623,35
17911,41
20368,59
20363,44
20367,59
20364,57
20365,59
1087,59
1085,35
1084,50
1082,2
1080,44
1088,39
12987,2
12981,55
12980,41
12988,55
5993,50
18155,59
449,50
1339,55
7516,44
1335,41
442,54
441,39
447,55
1332,35
6930,54
6931,33
8699,3
15406,34
6935,35
8126,54
8125,59
6939,49
8691,54
8690,54
8692,3
7707,27
7704,41
38,59
7702,33
37,44
36,33
7709,33
21321,35
19180,51
19181,54
8349,35
8342,3
8340,57
8347,9
8344,36
541,49
3466,36
844,54
3461,9
4075,36
4074,9
840,41
4071,35
5796,30
19450,50
19451,54
3960,41
3961,54
19459,44
3968,59
5798,9
3639,9
3637,50
3634,50
3632,54
3633,50
3630,9
3631,52
3469,9
848,44
11407,44
11405,55
11403,30
11402,54
11400,54
19983,41
19981,55
19986,9
19984,54
19238,35
19989,35
17462,35
4465,41
945,30
940,58
941,41
20652,34
20176,50
20174,50
20170,34
16848,44
12176,52
6325,44
6324,33
12172,54
12173,41
12171,55
12178,41
12179,35
10449,35
9661,41
10119,57
10445,41
10446,41
10447,53
10112,54
10442,55
9668,41
8978,35
8979,50
8970,59
8972,59
8975,54
8976,53
8977,55
5870,45
7139,59
7130,54
7133,59
7132,33
7135,3
7136,31
1658,50
1659,41
1653,33
1650,50
1651,59
1656,36
1657,55
1655,44
5238,9
2839,59
2838,30
2836,57
2834,44
2833,24
14729,54
3390,3
1434,41
3395,41
5402,34
3396,55
3399,54
5409,55
5408,3
9441,59
4261,44
4266,41
4267,35
1735,41
5235,36
18111,35
17666,55
5543,44
5540,54
5541,41
5546,33
5544,50
5545,52
8598,30
8599,3
8595,55
8592,3
11811,35
11239,54
5894,50
5895,3
11230,35
5899,54
11232,30
11234,39
11236,41
11237,54
8447,52
2128,35
5453,9
4914,50
4910,54
322,39
323,58
9896,52
9891,41
9892,35
9893,41
17269,3
16619,53
16611,55
16615,34
6138,50
18328,35
12763,35
12761,45
12760,35
12767,54
6137,35
6134,59
6135,20
10941,41
10943,52
10944,55
10947,30
10946,40
16476,40
9478,59
9479,45
16473,33
16472,33
16471,33
18952,30
9472,9
9473,35
2659,50
16479,41
16478,59
14314,55
9206,9
18323,35
21165,57
21164,50
2249,44
2246,35
14313,9
2240,39
21346,59
21343,39
21342,39
3400,41
3405,55
3409,41
18951,30
12550,27
362,20
10611,59
10610,50
10613,35
2799,41
10619,3
10618,39
2791,41
2064,39
2797,55
20778,30
18479,54
18470,31
18472,3
17706,54
17707,35
17703,55
17700,41
17701,41
139,33
13141,55
13142,49
20699,55
13144,35
17005,39
20695,57
9781,49
20773,54
9787,34
16655,53
16654,57
18610,53
16652,9
20340,53
20341,30
20344,59
16651,30
20348,35
16650,58
20438,59
20439,3
10114,55
12965,54
15641,55
15640,59
12963,2
12962,33
7096,59
7097,30
7092,50
7093,41
7090,54
6173,59
8105,35
1359,54
8106,3
8103,39
8102,3
464,53
467,20
466,59
8109,35
1356,3
1355,44
8074,39
15468,55
6488,55
19912,54
6951,9
6952,58
6953,55
6486,35
15464,55
15467,35
15394,35
12559,41
8361,54
8364,59
8367,41
8366,40
10289,9
3184,55
3187,35
3180,55
3189,30
11397,3
11396,54
4019,55
13709,55
11393,30
11390,3
4012,50
13704,55
4014,59
19432,3
19433,3
3989,59
19435,54
3984,55
3985,30
3980,49
3982,35
9408,41
16288,27
281,49
16282,39
16283,59
16284,50
284,58
16286,2
16287,41
2476,41
2475,41
2474,55
2471,50
2470,54
2479,44
2478,52
7874,41
7875,55
7876,41
7870,55
7872,41
7879,47
16868,41
16865,59
6309,50
12159,55
12154,52
12155,39
12156,54
6306,57
6301,49
12152,35
12153,50
10130,59
10429,54
10423,54
9315,3
9314,45
9313,33
9312,44
9311,59
9642,54
8956,50
18863,41
18860,55
18861,41
18867,41
18865,45
8151,3
2902,54
1631,35
3216,9
1633,52
1634,54
1983,39
1638,50
1639,50
3219,39
15462,35
2815,41
2908,33
2810,55
2813,54
560,59
562,35
2819,35
2818,55
18283,59
18280,30
5429,49
1188,57
3378,39
3377,31
1184,35
5426,59
1182,53
3372,41
3371,9
5422,50
13958,35
4246,30
4245,33
4240,33
13950,39
5520,55
5522,33
5523,9
18138,41
5525,54
5526,2
5528,33
18135,41
48,58
49,35
46,35
47,36
45,41
42,35
40,55
41,52
7287,30
6547,55
6546,41
6541,3
6540,52
16835,33
15078,33
15079,59
16834,33
16343,55
19492,30
18243,57
8806,39
7840,40
7517,33
345,41
7514,41
7512,35
342,3
343,27
349,30
7519,33
7518,33
19375,52
19374,52
19377,3
16672,40
16675,54
14921,54
19373,3
16676,54
16679,33
16678,33
19379,41
19378,41
12701,35
12703,58
12702,55
6154,33
12704,57
12706,58
12102,39
10966,52
10964,44
10963,52
12101,39
10961,51
10960,51
21100,57
21103,50
4524,3
21105,57
21106,59
21109,34
4523,33
16496,55
16490,55
16493,54
16492,50
6586,53
7992,54
8209,9
6478,54
2268,54
7997,54
2260,53
2266,59
8204,41
2265,41
8205,54
7994,34
11268,51
11635,50
9434,41
2046,30
4812,51
4810,55
2042,59
4816,2
17875,30
11630,50
4819,57
4818,55
17876,54
2048,50
2049,33
9410,41
11617,55
11614,52
11088,54
9414,54
9415,3
9417,34
17870,41
11633,50
10633,3
10632,36
11619,51
18459,35
11946,36
14131,54
11945,30
18456,41
18455,9
11941,39
17728,54
17723,41
9610,52
18066,30
20419,44
20414,59
20415,57
20412,34
8236,59
10092,33
10090,55
10097,50
10096,41
10095,41
10094,52
10099,59
10098,54
13186,54
13187,55
20658,57
12949,54
15668,40
12940,35
15667,57
15666,3
15664,41
7078,40
7079,57
7074,59
7075,9
7076,33
7077,33
7070,35
7071,35
7072,59
7073,55
14394,54
14395,30
14393,53
18638,41
15447,3
15914,35
8160,35
8167,30
6970,58
15912,55
16774,3
15918,41
15448,9
19273,3
8388,44
14885,35
8686,35
12061,59
4389,33
4388,33
4380,33
4387,33
4386,30
4385,52
4384,33
407,54
406,27
405,54
404,27
1375,52
402,35
401,54
1379,27
1378,33
12067,33
409,55
408,54
8684,9
4031,3
13721,54
4033,41
4036,9
4039,30
4038,35
11378,51
11374,41
11377,40
11371,35
11370,55
11373,54
11372,35
19418,55
19419,54
5078,52
19410,52
19411,41
19412,39
19142,52
11156,27
2459,57
2458,44
7850,33
7851,33
7855,35
16808,52
16809,59
16802,57
16803,57
16800,59
16801,57
16806,53
16807,52
16804,50
6369,39
6368,41
194,30
12132,41
12133,55
6361,36
12131,39
12135,9
9335,33
9334,44
10402,33
10403,35
10156,39
9330,41
9333,57
10155,55
10158,20
9339,50
9338,51
9628,3
9625,44
18849,35
7331,59
18840,30
18842,41
3225,35
14093,57
1971,39
14091,57
3222,39
14099,51
1616,30
5194,39
3239,54
5191,3
5190,35
1610,57
5192,35
13265,54
13266,30
13261,9
13263,41
13262,39
18435,55
13269,35
2873,59
2872,55
2877,44
11962,55
14270,39
3351,9
3352,35
2546,41
5443,55
5442,54
5441,55
5440,27
5447,9
5444,57
7359,50
11118,30
18158,57
5508,58
18152,59
5507,3
5505,55
5502,33
18157,55
5500,55
5501,52
543,30
12799,9
546,33
547,54
545,41
548,33
6155,33
12579,54
6568,33
15055,54
15056,52
3322,2
15052,55
6562,41
7687,54
7686,59
7684,41
7682,33
7681,33
15253,35
12570,59
3825,39
3821,55
13739,49
3327,2
5001,41
3828,55
9156,41
8441,41
8448,50
8449,36
7539,36
369,41
366,54
7534,45
7531,49
2761,52
361,55
19351,54
19357,50
16658,30
16125,58
16656,41
19359,55
16126,36
16653,33
16120,39
16123,35
16122,35
6178,55
6179,50
6177,48
12725,2
6175,57
6172,50
12722,54
12721,59
10989,55
10988,55
16407,39
10985,51
20071,35
10980,50
10983,52
9488,41
16955,39
21129,55
21128,20
16957,3
21123,49
21122,35
3217,41
2202,39
2203,55
2205,59
2206,30
9489,9
11587,41
11580,3
7907,3
16505,3
11588,44
6271,44
21388,34
21382,55
21387,54
21386,59
21385,59
17298,30
17529,41
6275,33
16052,55
17523,49
17292,39
12246,39
13458,35
4525,9
6276,55
4835,30
4521,57
7993,54
21192,52
7990,33
11638,2
11639,30
9438,54
6278,41
9437,41
11636,55
11637,41
9432,41
9433,9
9431,41
5299,54
5296,54
5297,57
5295,41
5293,54
5291,54
13184,30
17748,35
17749,41
13180,54
13182,54
20657,52
20654,57
20655,44
17746,54
13189,54
20650,50
20651,52
12613,44
6419,54
8141,3
6621,9
15939,30
20384,50
20385,59
20386,57
20380,44
20381,44
20382,35
20388,57
20479,59
20473,59
20470,59
20471,57
20476,50
20474,30
7337,20
9293,30
9296,41
7332,55
9294,9
7330,44
9299,49
7338,50
18430,53
18433,9
18432,9
11960,39
18437,9
18438,55
11968,55
15601,57
15600,54
15602,41
15605,54
12924,35
12929,54
10214,41
10216,41
10211,53
10213,9
10219,41
7058,55
9736,55
18389,30
18388,41
18387,41
18383,35
15933,33
15932,41
15930,33
6998,35
6999,59
15934,33
8637,3
8636,36
8635,3
8632,41
2998,30
2999,9
59,9
58,53
21441,59
56,55
2994,58
50,40
53,33
2993,58
9993,33
9992,33
9995,57
9994,52
14516,59
14517,59
11034,50
11035,55
11030,9
11031,50
11039,30
19882,35
420,50
423,33
422,50
424,54
1391,55
19880,54
857,45
850,54
11359,53
11358,54
19163,3
11352,3
3455,48
11357,3
11354,52
19293,3
19290,41
19291,30
19297,55
19294,53
18616,35
4717,3
4711,45
4713,48
6699,55
6697,51
6696,57
6695,54
6694,54
2433,59
2437,52
2435,49
2434,41
7838,59
16357,3
16354,55
16824,53
16825,57
19830,54
19831,54
7830,53
7831,41
7835,33
7836,59
16359,9
6341,55
6340,54
12112,39
12114,53
12115,50
12117,35
6349,59
12119,33
18810,30
17199,39
17196,35
17194,3
17191,39
11036,44
9603,3
9605,52
9356,45
9607,41
9606,54
10171,41
10173,47
10174,57
21244,44
21242,50
21240,59
21248,53
3782,57
8998,54
8999,50
3786,59
3787,33
3784,57
3785,57
8992,27
3788,33
8991,39
8996,51
8997,59
1809,3
8995,52
4990,33
6511,36
12449,54
4998,33
4999,57
3258,54
3259,41
1948,9
1949,39
3251,41
3252,41
3253,39
3254,27
3256,35
13243,35
13242,35
13247,35
13245,39
13244,35
2858,58
2850,44
2853,45
2856,50
5461,52
3332,30
1492,40
5465,54
5464,59
1496,33
1497,55
1498,36
1499,3
14212,47
16275,59
9644,39
20048,39
19957,44
18176,41
11860,35
19959,54
524,34
525,35
521,33
528,59
529,33
8172,9
1234,33
8932,55
1238,54
1239,33
8286,52
8287,41
8289,44
6509,33
6503,55
6502,41
6500,44
6507,34
12514,39
6505,57
6504,44
4903,3
3808,33
3807,33
3806,50
3801,44
3800,9
8467,54
3078,3
7558,41
7552,35
7557,9
7555,58
19331,20
1960,39
19334,54
19625,39
19167,39
4174,48
4175,54
4176,57
4177,33
4170,35
4172,3
4178,54
15082,33
995,41
9271,33
7391,20
2228,39
2227,44
2224,54
2225,41
2221,53
1,55
5925,50
5926,59
5922,59
9279,41
17506,55
17507,54
17502,41
10053,52
8113,35
7398,44
4505,54
4504,44
13471,34
2089,59
2080,41
11658,3
11657,55
17760,41
17763,55
20670,52
20768,57
20672,59
20673,44
15417,36
20769,39
20679,41
128,54
16136,54
16134,9
20450,59
20907,35
20904,59
20905,54
8117,30
20455,59
20900,59
20457,54
20459,30
19341,54
16646,24
7319,9
7315,35
7314,3
7317,54
7311,35
7310,39
7312,3
12305,41
12304,33
11900,35
12306,53
12301,54
11907,39
11904,50
12302,39
11908,33
11909,41
12309,41
15413,41
15629,41
12908,39
15626,59
12905,41
12904,57
15623,55
12901,59
12900,55
9014,30
9015,3
7032,36
10237,51
10235,59
10238,41
12732,39
21501,35
21503,55
21502,35
15959,54
15489,53
15951,39
15950,58
15481,9
15485,35
15484,3
7789,54
7782,33
6430,41
15707,33
1009,57
1007,50
1003,44
1000,54
9134,3
4349,35
4347,47
4346,50
4345,27
4344,33
4343,3
4341,52
4340,30
11018,52
11019,44
11015,54
14537,41
8615,54
8614,59
8611,59
8610,48
8613,49
8619,59
8618,54
17887,58
11330,35
11333,52
11335,55
11336,57
11338,50
5719,41
5717,3
5716,57
5713,54
5712,55
5711,55
5710,41
9587,33
11487,3
11484,41
11481,59
12473,3
929,9
1471,33
12472,3
16590,53
16591,54
16592,57
16597,41
16598,57
12680,30
12681,53
12683,2
12685,51
12687,39
12688,41
12689,35
10826,55
10827,9
10825,36
10822,54
5092,55
7816,41
7817,54
7814,41
7813,54
7810,41
5094,41
7818,58
21081,59
16374,57
19815,50
16376,59
3572,45
19810,9
16371,50
19812,52
9277,54
9378,50
20988,59
9371,54
9373,55
9372,59
9374,3
21264,59
21265,59
21266,59
21267,30
21260,50
21261,41
21262,59
1824,33
1820,33
2411,9
2410,51
2417,3
2419,54
4976,20
4970,41
4972,52
4229,20
12485,54
15885,55
1920,41
3277,9
3275,35
1924,58
3273,47
3271,54
14055,35
4227,54
15736,54
13223,33
13225,55
13224,33
24,44
18994,9
18995,9
14941,41
14949,55
5585,41
3313,55
5483,59
5481,2
20021,3
20025,39
256,35
12400,39
15366,41
64,55
65,59
66,57
68,41
15365,9
11896,59
5328,36
508,33
509,33
506,33
504,41
505,39
502,30
1212,35
1213,41
1210,35
1216,35
1217,35
6521,53
15547,49
15012,33
15545,36
6525,41
8269,33
15540,8
15017,35
8264,35
6528,33
8262,50
19837,55
19832,30
19833,54
16826,55
3860,34
3867,34
3865,55
3864,41
8409,57
8401,35
8405,30
8406,41
8407,57
14930,49
9818,59
7577,35
7576,39
9814,54
9810,50
9812,49
8814,44
3934,20
19839,9
12110,50
14285,57
4519,55
4153,41
4156,3
4157,52
4155,50
6346,3
4513,3
9741,59
18997,52
6719,41
11090,54
6714,35
9429,53
8339,44
5902,54
8211,9
5900,9
5901,33
5906,52
19644,50
19647,53
5905,49
19649,54
19648,53
5908,3
5909,49
15386,3
19318,35
17562,41
3480,59
17568,35
3482,49
8214,45
4562,59
4560,33
8217,20
9423,35
18992,3
11679,51
17788,44
17776,20
17787,51
17784,54
17785,20
17782,41
17780,30
17809,55
7659,20
9604,45
16787,3
16783,9
9354,33
16788,3
6065,54
12091,39
12093,39
9608,41
12098,57
2604,35
1569,59
2606,35
2602,44
20925,35
20926,57
20927,44
20920,59
2609,41
20922,3
10781,3
10787,41
10786,54
10784,41
10037,59
10788,41
10032,52
7379,55
7370,51
12321,35
11920,54
11923,55
11925,54
10258,9
9030,40
9031,30
9034,52
7014,36
7012,49
7013,9
7011,3
21523,35
21521,35
18699,59
18698,30
757,41
756,57
6086,41
754,35
758,44
2958,35
2959,35
2954,35
2955,35
2956,39
2950,41
2951,35
2952,39
2953,55
5345,47
5346,33
5340,54
1020,55
5342,50
1022,3
1029,55
5349,54
1197,3
10328,55
4365,30
4364,49
4361,52
4360,54
4363,44
4369,41
18037,51
18036,41
1808,41
18038,55
11078,54
20618,54
14550,33
3107,51
11076,3
11074,41
3103,39
8672,48
8670,35
8677,36
8676,3
8674,35
8678,49
15979,55
4092,59
4091,9
4097,49
4096,35
4094,59
4099,35
4991,33
5734,45
5737,41
5731,57
5732,51
11317,52
11315,36
11314,35
5739,41
5738,59
19128,48
9868,33
19122,45
1563,27
19127,55
20910,50
15205,50
15204,35
15207,57
8094,9
12521,55
15200,56
12523,49
12529,41
15208,33
8098,9
11145,50
19788,58
19784,50
16577,24
19786,41
19787,50
19780,54
19781,35
16570,55
11143,54
6659,41
6658,9
6657,35
12667,41
12664,59
6653,53
12663,54
12660,54
12661,54
10808,35
10809,9
10805,54
6385,9
6384,39
16318,35
16319,57
6382,35
16312,55
21067,30
19870,41
21065,41
16317,57
19874,54
16315,58
2380,50
2383,48
2385,33
2386,53
21208,44
21209,57
21202,35
21203,52
21201,41
21206,57
21205,57
1849,59
1842,49
1847,55
1846,59
1845,3
4952,54
2167,52
4956,33
7308,35
4954,44
4955,55
1946,49
3298,55
17042,39
3295,53
5134,35
1902,47
17048,54
13206,54
13205,35
13204,33
13203,52
13201,35
13200,30
12063,57
18426,35
14963,52
14962,59
14960,59
14967,55
14785,39
14968,57
20005,35
20001,35
20552,51
20558,59
20008,30
8567,41
9352,49
12546,9
2047,59
8565,40
15263,55
8562,54
12933,51
15780,33
15782,53
6894,27
15617,35
17302,41
17301,30
17306,36
1271,52
1272,9
10902,35
1276,20
1277,33
8799,55
15550,39
15569,54
8791,54
8240,3
8793,59
8246,35
15561,54
8796,35
8797,27
1494,57
3336,55
8426,33
8424,52
8425,44
8428,39
5469,20
17431,30
9839,44
7596,41
17433,30
7593,35
9834,35
5034,44
4139,35
4132,9
4437,54
5692,58
3840,50
3843,30
7918,41
5694,54
3846,55
4431,35
9746,35
5377,41
4438,57
5968,52
5969,59
16149,9
16148,9
5960,33
19666,54
16145,54
16143,39
16150,39
16141,59
5967,59
16513,41
17239,9
17236,30
17543,59
17544,57
17233,35
17547,57
4544,58
1072,2
6638,55
11696,52
11690,50
20639,50
2596,24
6287,54
2590,57
2591,33
2593,59
20630,59
20632,35
20634,50
183,59
6635,54
6042,52
6043,33
6041,57
6047,53
186,55
6048,59
187,57
2620,3
20949,52
8606,30
20835,41
20946,55
20947,50
6982,9
9582,41
7353,51
10018,41
7355,9
7354,9
9234,9
7358,54
9588,33
9237,52
9230,41
9231,50
9232,41
12341,59
12340,35
12345,55
12344,30
12346,59
10272,55
9059,55
9051,35
9053,41
9056,33
21541,9
20494,34
20496,35
20497,59
20490,57
20493,57
20498,57
20499,59
774,59
776,33
773,57
778,57
75,35
2979,9
71,33
2973,30
2970,56
2971,45
2976,35
5363,35
5360,49
1040,9
1047,34
5367,59
1044,36
4303,41
4302,53
4301,55
4307,53
4306,49
4304,50
11051,41
14573,58
18017,41
11056,54
18014,35
11058,44
11059,58
3128,39
3129,41
17849,41
17848,52
3122,39
17847,39
8658,39
15995,55
15997,54
15996,58
8654,35
15993,41
8656,35
5752,3
5751,54
5750,41
5757,54
5756,41
5755,41
5758,52
15194,9
15197,33
15190,50
15193,33
9316,50
15198,3
3441,3
3442,35
15223,3
2024,54
15221,59
12507,35
12506,52
12505,59
2757,53
12509,39
2754,52
74,53
7432,44
7433,41
2752,57
7438,44
7439,52
16554,59
16555,41
16133,49
16551,59
12644,41
12645,59
16088,3
12647,30
12641,9
6673,33
6672,44
17948,3
6679,44
12649,52
13633,35
4605,55
10868,2
10867,54
10864,36
21044,59
21045,59
21046,41
19505,30
16886,52
21041,54
19500,35
16885,53
16339,53
16888,50
21049,59
19509,30
2366,55
2365,55
21221,40
21222,52
21224,59
21227,59
21228,54
1861,50
1863,3
1862,41
17682,55
3721,59
17688,55
4686,36
4687,54
4933,41
4934,59
4937,54
4938,58
4689,30
11734,35
2109,34
2108,54
11730,54
11733,50
2102,51
2101,59
2107,9
11738,54
5114,55
5117,41
15031,41
5113,41
5112,41
5119,30
14012,3
6506,33
20797,54
17062,58
20795,35
20794,50
17067,9
20792,54
20791,34
18564,39
20798,50
9,54
10484,33
14909,35
894,3
895,9
896,36
899,59
14903,36
16331,9
14904,3
14907,41
19946,41
19943,55
1789,55
1783,33
1785,9
1787,55
15768,55
15769,52
6877,54
6875,33
6874,55
15762,53
6872,9
18225,30
18222,35
18223,54
18229,54
14805,30
8220,20
8221,54
8222,41
8224,41
679,41
8226,59
8227,27
8229,50
677,41
18527,34
15501,54
16336,55
7609,39
7605,41
7604,42
7603,41
7600,36
2490,59
18832,52
18654,51
9850,55
9853,30
9858,41
1524,59
1525,40
1526,54
1527,57
1252,41
1251,50
9177,49
1528,44
1529,59
1258,50
4117,35
4115,58
4113,36
4111,53
7894,33
9175,36
10048,35
5946,41
5947,55
16475,24
5945,49
9265,35
11508,54
11506,47
11504,41
11505,55
11503,59
11500,59
5949,55
982,41
10041,36
10734,3
984,55
15280,54
16103,9
17216,3
17212,41
6020,41
6023,30
6025,35
6027,54
2648,3
16100,49
10074,33
10076,33
2645,44
2647,41
18783,35
9218,49
9210,54
9217,49
12364,44
12362,52
12368,20
16179,9
9076,3
9074,33
9075,41
10299,35
10291,41
10292,55
21567,35
21565,35
21562,58
21568,30
3557,50
3556,30
3554,36
3553,3
3559,9
20968,57
20969,57
2912,55
2915,33
2916,55
718,3
2918,44
2919,52
715,50
714,41
712,20
5308,59
1068,9
5300,27
1063,40
5303,54
1065,33
1066,33
13014,59
13011,55
10750,35
13019,58
4328,35
4323,54
4327,53
18079,54
3142,20
18071,41
18075,41
20216,41
20217,59
20215,59
20213,59
20210,41
17863,41
17860,41
17867,20
17866,41
17864,41
5410,55
4623,55
12705,44
10754,58
18520,39
10755,49
6957,45
12569,50
15240,55
12563,3
12562,50
12564,3
15247,34
15246,3
7413,33
7410,44
16533,59
16531,55
16538,57
12623,3
12620,41
12621,55
12627,39
12624,50
12625,54
12628,36
12629,54
10840,59
10841,55
10843,41
10845,55
10847,41
10848,55
10849,41
7275,33
21022,57
21023,35
19529,39
21028,32
5086,33
14569,50
12191,41
3507,30
12195,55
12197,39
2344,51
2347,33
2346,33
2340,33
2342,52
2348,33
16213,39
1889,35
3702,39
1886,31
1885,36
3701,35
17661,52
17660,57
3704,2
1880,36
2121,48
15357,35
4918,54
2126,51
4664,48
4665,3
4666,49
12435,55
4662,48
4911,57
11713,50
11711,55
6445,55
11717,55
11714,55
6442,41
15352,36
5172,9
5171,30
5177,41
5176,35
5175,35
10737,49
6913,9
130,55
20779,59
136,35
135,54
134,55
17001,35
17000,24
17003,20
20776,59
7003,49
17004,41
17007,55
9689,3
9681,3
9680,35
9682,57
15729,53
20515,44
20514,33
20517,50
7250,33
7253,54
7259,49
6855,41
6856,54
6850,44
6853,55
6852,54
6859,57
18592,35
89,33
82,36
83,40
80,55
81,39
86,33
87,33
85,33
14630,44
15349,24
18242,57
14926,36
14293,35
14923,35
14922,35
8802,39
14298,41
18249,59
8808,33
6583,34
15521,57
6581,47
15523,49
16015,57
15527,9
15528,54
8755,9
8756,41
8757,9
8750,50
7627,36
7626,3
7621,52
7620,59
7622,33
7629,41
16363,59
16367,55
18423,35
9878,33
9874,55
9875,33
9872,41
7821,59
11154,33
19808,41
11153,44
1502,55
1500,51
1506,41
3085,54
3086,41
3080,54
19470,54
3884,55
3886,47
13188,9
18736,30
11526,41
11527,20
15356,34
11522,55
11523,30
20653,35
11528,32
11529,52
15093,55
19073,36
8777,34
6996,30
9918,41
10638,39
19955,41
16274,39
16277,41
19950,35
16279,35
16278,41
20671,59
6005,59
6003,35
17117,35
17273,9
17277,3
17274,3
17275,9
17279,3
9270,59
7394,35
9272,33
9273,57
991,3
10058,51
9278,50
10724,9
10054,54
10721,9
10052,55
12389,55
12386,41
21271,57
12383,53
12382,52
10634,58
21277,35
9098,53
9097,50
9090,31
9091,59
19017,36
3579,49
3578,54
17491,54
3575,54
5091,54
3577,41
3571,48
5095,50
3573,54
17499,35
2666,49
2667,50
2664,54
4494,50
4493,41
2663,50
2660,35
20989,3
20984,59
20982,41
20983,57
4498,54
2938,52
2933,51
2930,41
5327,44
11898,50
5323,35
5321,53
11894,9
11895,55
14604,41
18585,54
11891,41
11892,41
11893,35
20186,3
20187,59
1747,54
20180,57
20181,59
20189,59
13039,3
13036,54
13037,55
13031,40
13032,44
11095,55
3796,45
18721,50
18052,59
18050,36
16119,55
11098,33
18728,30
17802,59
3168,41
3166,41
17808,59
3161,55
2154,33
20234,50
20235,59
20237,50
20233,59
731,50
733,41
732,54
735,41
734,52
736,9
739,52
12648,39
15005,55
11830,3
12815,35
12814,35
15265,53
15264,9
8563,3
12810,39
12813,35
12540,55
20902,35
12818,9
8569,9
7470,55
7472,59
7474,33
7475,9
7476,57
7477,3
16518,33
16510,41
19727,41
16512,51
19097,35
19723,59
19092,45
16041,54
6639,3
12609,3
15002,59
12600,55
6630,41
12602,3
6632,3
12604,3
12605,41
6636,54
15001,51
21000,41
19540,3
19546,3
21007,42
2298,57
2323,54
2322,20
2320,59
2326,45
2325,41
4700,39
8193,35
4708,45
3760,34
3762,39
3763,33
3764,33
3765,33
3768,50
17643,55
17640,54
17644,55
2499,3
4648,45
4649,49
2491,41
13552,49
4640,47
2492,47
2494,33
4644,34
2496,59
19895,20
19890,55
19892,41
7899,35
11771,58
7897,54
11773,36
7895,51
7893,20
7891,41
17027,9
17025,54
17023,3
5154,35
17028,20
111,58
110,20
113,54
20753,44
20757,58
165,33
8197,35
20775,54
20535,59
20533,59
20532,39
20531,57
18418,35
18415,3
10962,55
7272,50
15270,55
7276,59
7277,33
8553,35
7278,33
7279,33
15274,9
12555,36
15723,34
15892,55
6830,57
15894,41
8554,3
15896,40
15897,33
15898,55
15899,57
12557,54
10556,52
10555,55
10553,9
10551,55
20771,59
10559,35
8007,27
16454,59
8823,54
8826,57
8829,58
20770,44
18910,55
8778,54
16457,51
15090,57
15091,41
8771,41
15094,52
15095,35
15096,39
7643,3
7642,35
7647,47
15621,35
7644,41
7030,39
8096,39
7031,39
17330,35
1740,31
1741,54
9133,58
9012,58
6976,58
11173,49
11171,55
14201,54
11177,30
9135,55
11175,3
11174,3
11179,3
14418,35
5491,55
1568,33
17449,3
1298,33
1299,35
21097,41
17448,39
1292,41
1293,57
1562,54
1291,54
1564,59
9139,55
1566,57
1567,33
10640,35
5632,59
8480,41
8481,52
8487,52
8488,44
8489,53
