11543,2
11540,2
11545,0
11549,2
3483,0
5986,0
5984,2
5985,0
6797,2
6794,2
6790,2
6791,0
6799,2
16252,2
16251,2
273,0
16257,0
16708,2
19975,0
16705,2
279,0
16707,0
16258,0
16700,0
12014,2
12017,2
12016,0
12011,0
12010,0
12380,2
17258,0
15482,2
17250,0
17251,2
17254,0
17256,0
10709,0
10708,0
9258,0
9259,0
10703,0
9525,2
9526,0
9255,2
9252,0
9253,0
9250,2
10704,0
15956,0
3958,2
6348,0
3511,0
3517,2
3514,0
2688,0
2687,2
2681,0
14626,2
14622,2
14623,0
14629,0
98,2
93,2
96,2
13059,2
13053,0
13056,0
13054,0
18703,2
18708,2
17829,0
17825,2
17822,2
20259,0
20252,2
20251,2
20256,2
20257,2
20255,2
1177,2
1176,2
1174,0
1173,2
1170,2
1178,2
7189,2
7184,2
7185,2
3433,0
3435,0
12831,2
12830,0
12836,0
12834,0
8017,2
8016,2
8547,2
8546,0
15281,2
8012,2
15283,2
8010,2
7455,2
7453,2
7459,2
2658,2
2742,0
4848,0
4595,0
10884,2
10885,2
10887,0
10883,0
16884,2
6537,0
8293,0
8292,2
15551,0
8294,2
15553,2
15000,2
393,0
390,0
399,2
2309,2
2308,2
4729,2
2301,0
13615,2
2303,2
2304,2
2307,0
19704,2
19702,2
16063,0
11283,2
11282,2
11285,0
11284,2
11287,0
17622,0
17625,0
3747,0
3744,0
3742,2
3743,0
3740,2
4621,2
4622,0
13532,0
4625,0
14539,0
11756,2
11755,0
11754,2
11753,0
11752,0
11751,0
11750,2
10695,0
11758,2
19560,2
19561,2
19562,2
16396,2
16394,2
16395,0
16398,0
16399,2
20887,2
20885,2
20735,2
20734,0
20736,2
20793,2
20888,2
13286,0
13282,0
13281,0
13280,0
203,0
17652,0
14166,2
21283,2
21281,2
21286,2
21287,0
21285,0
20089,0
20087,0
20080,0
10391,0
10393,2
10394,2
10398,0
7218,0
16935,0
16932,0
271,0
7212,2
272,0
7216,2
16939,0
12226,2
12227,2
6215,0
6214,2
6213,2
12223,0
6211,2
12221,2
16256,0
15708,2
6818,0
15878,2
15879,2
6811,0
6810,0
15702,2
15703,2
6815,0
6814,2
6817,2
6816,0
9755,0
9752,0
10573,2
19978,2
18930,0
18938,0
21429,0
8849,0
8845,0
8846,2
8914,0
11848,0
7669,0
18530,0
12249,0
1768,2
1769,2
1763,2
1760,2
1767,2
1764,2
1765,2
18646,2
19037,0
18313,0
692,2
693,2
690,2
691,2
696,2
1543,2
695,2
11111,2
698,2
699,2
11115,2
14476,0
8710,0
8711,0
8716,2
8717,2
11763,0
17923,0
5611,0
5617,2
5615,2
17925,0
17032,2
11568,2
11569,2
11563,0
11564,2
11565,2
11566,2
11567,2
3042,0
10702,0
9527,0
6778,0
6779,2
6774,2
6776,2
6777,2
6770,0
6771,2
6773,2
9964,2
9965,2
9967,2
9961,2
9963,2
259,0
16723,0
16230,2
16233,0
16232,0
19915,2
16234,2
16725,2
12033,2
12031,2
12036,2
12035,2
9509,0
9502,2
9503,2
9505,0
3688,0
3681,2
3680,2
3684,2
2518,2
2519,2
2517,0
2512,0
2513,0
3533,0
5058,2
3534,0
3539,0
5055,2
5057,0
5050,2
5051,2
5053,2
10760,0
10767,0
10768,0
14642,0
14867,0
14865,0
18549,0
18895,0
16745,0
18898,0
13070,0
13072,0
13890,2
13077,0
13078,2
18769,2
18768,0
18093,2
7896,0
18765,0
18096,2
18095,0
20270,0
20273,2
20274,2
20278,2
20279,2
10185,2
10186,2
10181,2
10180,0
10183,2
20376,2
1159,2
1157,2
1156,0
1153,0
1152,2
15119,0
15118,2
15111,0
15110,0
8036,2
8030,2
8032,2
8039,2
12858,0
8528,2
12853,0
8520,2
8526,2
12857,0
20693,0
16350,2
4297,0
4292,2
7261,2
4748,0
4742,0
4741,0
4740,0
4747,2
4745,2
19762,0
16003,2
19760,0
19761,2
19766,0
19767,2
16005,2
19769,0
17359,0
17607,2
17601,0
17352,0
2182,2
4609,0
4606,0
4604,0
2188,2
4603,0
4600,0
8683,0
12239,2
8681,0
8138,2
15345,0
151,2
153,0
152,2
20869,0
15430,2
157,0
20865,0
20715,2
6456,2
20712,2
20711,2
15348,2
19155,0
8137,0
19635,0
6187,2
6186,2
6185,2
5934,2
6181,2
6180,0
6189,0
6188,0
2725,0
5931,2
2720,0
15713,0
2729,2
2728,0
9190,0
7234,0
7235,2
7940,0
9194,0
7942,2
9196,0
10377,0
10375,0
7948,2
7949,2
10371,0
9744,2
16918,2
16916,2
16917,2
16910,2
16911,2
16912,2
16913,2
12208,0
3089,0
6235,2
6234,2
12207,2
6231,2
12201,0
6233,2
6232,2
10565,2
10518,2
9779,0
17291,0
9777,0
9771,0
10515,0
14981,2
18953,2
14983,2
14982,0
14985,2
8863,2
14987,0
18955,2
21404,0
14988,0
21406,2
21401,0
8868,2
21403,2
818,2
811,2
10233,2
816,0
817,2
5264,2
1706,2
5260,0
1708,2
14180,2
5269,2
5268,0
15851,2
14324,2
18374,0
11134,0
11133,0
11132,2
18371,0
17980,0
17981,0
16377,2
17986,0
3028,0
17988,2
3026,0
3025,0
3023,0
15580,0
15581,0
8738,2
15585,0
8736,2
8734,0
8732,2
8733,2
8730,0
8731,2
3957,0
4194,2
4192,0
4193,2
5670,0
5671,0
5672,0
5675,0
5677,2
5678,2
5679,2
8836,0
6437,2
15327,2
15324,2
6434,0
6433,0
12443,0
12441,0
8198,0
8199,2
15329,0
6758,0
6759,2
6752,0
6757,0
9943,0
9940,2
9941,0
16216,0
19935,2
16214,0
19933,2
16212,0
16211,0
19930,0
16749,0
16219,2
12050,0
12053,0
12054,0
12059,2
236,0
237,0
232,0
233,0
2538,0
2539,2
2532,0
2530,2
2534,0
10922,2
17164,0
17163,0
5072,2
5070,0
5071,0
5076,2
5077,0
17168,0
17169,2
9560,2
9561,0
9562,2
9563,2
10749,0
10748,0
932,0
10744,0
10743,2
10742,0
5382,0
5385,2
18563,2
11837,0
18567,0
18566,0
14666,2
14843,0
12852,2
13096,0
13095,0
13092,2
13093,2
13090,0
20298,0
20299,2
20291,2
797,0
9385,2
11181,2
793,0
9381,0
9382,2
9383,2
9388,2
9389,2
1138,2
1137,2
1135,2
1134,2
4974,2
15138,0
15130,2
15136,2
15321,2
7148,2
7149,0
7146,2
7141,2
7143,0
18746,0
2149,2
2148,2
18749,0
8501,2
8051,2
12874,2
8056,2
8506,0
8509,2
12878,0
7498,2
2886,2
2887,2
2884,0
16986,2
7490,0
7491,2
7496,0
7497,2
7494,0
7495,2
16393,2
3276,0
1288,2
4765,2
13656,2
4768,2
11249,0
11241,2
8767,2
11243,0
11242,0
16029,0
5808,0
16021,0
16022,2
16023,2
5807,0
19745,2
16026,0
17372,0
1572,2
687,2
11798,2
11793,0
11791,0
11795,0
680,2
7843,2
20840,0
16636,0
16688,0
16684,0
16685,0
16687,2
16680,0
16681,0
10354,0
10355,0
10356,2
2708,2
10352,0
4881,0
4884,0
2700,2
4887,2
7963,0
10688,2
7961,0
7966,0
7967,0
7964,2
9178,0
10682,0
7968,0
9172,0
9171,0
6119,0
16978,2
16979,0
3951,2
16973,0
16970,0
16975,0
17081,0
17083,0
17082,2
17084,0
17086,0
17089,2
6252,2
12260,0
18407,0
12266,2
6254,2
10530,0
10532,2
10534,2
15639,0
10538,2
8545,2
8544,0
19828,0
9712,0
8015,2
3474,2
10923,2
3477,2
836,0
837,2
3472,0
3473,0
21462,2
8541,2
21460,2
839,2
21466,0
18975,0
8540,2
20593,2
8543,0
20596,2
20598,2
12912,0
11623,0
6222,2
19998,0
15637,2
1729,2
5245,0
1727,2
1722,2
1723,0
5243,0
15832,2
15833,2
15831,0
13131,2
15834,2
6802,2
9003,2
13139,0
13138,2
3007,0
14300,2
3001,2
3003,0
18354,2
18355,2
18356,2
18357,0
3009,0
18351,2
20334,2
1588,0
9108,0
17968,0
20332,2
17967,2
17964,2
17965,2
1586,2
17963,0
17960,0
1585,2
7939,2
12483,0
9102,0
10676,0
5658,2
5659,0
5657,2
5654,2
10674,0
5650,2
16727,2
15308,0
12469,0
21093,0
12464,0
6414,0
15306,0
15307,2
15300,2
12461,0
6413,0
15303,0
7776,2
7774,2
21143,2
7771,0
3917,2
3916,0
19483,0
19482,0
3910,2
19489,0
3918,0
8314,2
6731,0
6732,0
6733,2
6734,2
8311,2
8313,2
6738,2
6739,2
8318,2
9928,2
9929,0
9920,0
9923,0
9925,0
9926,0
9927,2
19263,0
19262,0
214,2
19267,2
213,0
210,2
211,2
16762,0
16761,0
6088,2
12078,2
12077,2
6084,2
6085,0
6082,0
6083,0
11572,2
15060,0
3649,2
3647,2
3645,0
3643,0
2550,0
2551,0
2552,0
2553,0
2554,0
2555,0
2558,2
2559,0
11476,2
11477,2
11475,2
11470,2
11478,2
11479,2
5012,2
5013,2
5015,2
5018,2
17148,0
17419,0
17417,0
17146,0
17412,2
17411,0
4419,2
4412,2
4411,0
4410,2
918,0
9549,0
9547,2
9544,0
9543,2
14828,0
14826,0
20105,2
21363,2
21362,2
11817,0
18504,0
11812,0
15153,2
15152,2
15154,0
15157,2
15156,0
7168,0
7161,0
7166,0
7167,2
12898,2
12897,2
12891,0
12890,0
12893,2
12164,0
1111,2
1446,2
1445,2
12166,2
1117,2
1440,0
1118,0
3707,0
1449,2
6520,2
6523,2
15013,0
1803,2
6524,2
6527,2
6914,0
13611,0
6529,2
4788,2
4785,0
4781,0
4780,2
5822,2
5827,0
5826,0
11260,0
11265,0
15548,2
1801,0
19703,0
9674,0
19441,0
5849,0
14540,2
10108,2
199,2
198,0
11065,0
196,2
191,0
11983,2
10107,0
15496,2
8663,0
17315,0
17314,0
17317,2
17316,0
17318,0
12790,0
12791,0
12797,0
9155,0
2769,0
2768,0
10335,0
2763,0
2762,0
10338,2
2760,0
2767,0
9158,2
2765,0
2764,0
16950,0
8668,2
16404,0
16405,2
16403,0
16400,2
16401,2
7901,0
7902,2
7903,2
9487,0
9486,2
9484,2
12240,2
6273,2
21199,2
12244,2
6274,2
6277,2
13530,0
6279,2
21193,2
21190,2
21191,2
21196,2
21197,0
21194,2
21195,2
20822,2
20825,2
20824,0
20826,2
20829,0
9733,0
9734,0
4081,2
9738,0
16719,2
21336,2
21337,2
21333,0
21330,2
21447,2
21448,2
16714,0
21339,0
3452,0
16715,2
3456,2
851,0
852,2
853,0
3459,0
859,2
248,0
16710,0
19963,2
10586,0
8905,2
14146,0
5228,2
5223,2
5222,2
5220,2
5226,0
18816,2
13113,2
15819,2
13110,2
13116,0
13115,0
13114,2
15810,0
15811,0
13118,2
15816,2
3063,0
3062,0
14499,0
18339,2
3067,2
17943,0
18332,0
3069,0
18336,2
18334,0
16392,2
20311,0
20310,2
20314,2
20319,2
16390,2
7570,0
19137,2
5723,2
1306,0
1300,0
1301,2
1303,0
1308,2
498,0
494,2
20883,2
496,0
497,0
490,2
15368,0
12409,0
6473,0
15363,0
6471,0
6477,2
6476,2
6475,2
6474,2
16706,0
7755,2
7757,2
7752,2
7839,0
3939,2
19464,0
3937,2
19466,2
3931,0
3930,2
3933,0
19462,0
8331,0
8337,2
8334,2
8335,2
6716,0
8338,2
9530,2
6710,2
6711,2
9906,0
9907,0
9904,2
9905,0
9902,2
9903,0
9901,2
9909,2
19208,0
13757,0
4041,0
13753,0
4043,0
4048,0
3667,2
3661,0
3660,0
3669,2
3668,2
10122,0
2578,0
2579,2
13966,0
2577,2
2574,0
2570,0
11459,0
11455,0
11450,0
11451,2
11452,2
17434,0
3592,0
17436,0
3597,2
3596,2
17432,0
3594,0
3599,2
3598,0
17128,0
13320,0
13321,0
17123,0
4439,2
17127,0
977,0
976,2
971,0
978,0
20129,2
4159,2
10470,0
10473,0
10472,2
10478,2
11872,0
11873,0
8925,2
11877,2
18835,0
11878,2
11879,2
18523,0
18830,2
8928,2
15179,0
3387,0
15175,2
3384,0
15171,0
7100,2
7102,2
7104,0
7107,2
7109,0
7837,2
1681,0
1680,0
1682,0
1684,0
1686,0
1689,2
1688,2
14771,0
1469,2
1467,2
1466,2
1461,2
1460,2
15913,0
5800,0
4239,2
4238,0
4237,0
4235,0
4233,0
5593,2
5592,2
5595,2
5594,2
5597,0
5596,2
5598,0
16568,2
13694,0
4215,0
317,0
315,2
314,0
11201,2
11202,0
11205,2
20909,0
7217,0
6217,2
12225,0
12222,0
13908,0
12229,0
6819,0
12676,0
15709,2
2291,2
15404,2
2297,2
19697,0
19690,0
19699,2
8696,0
16163,0
10917,2
19642,2
10913,0
17338,0
19645,0
17335,0
17334,0
17333,0
6813,2
10918,0
19312,0
10318,2
7922,2
10648,2
7297,2
10310,0
15704,2
10644,2
10313,2
10642,0
10315,0
7928,0
16428,2
16429,0
16424,2
16427,0
16420,0
16421,2
16422,2
6299,2
6298,2
6297,2
6295,2
6293,2
20807,2
20804,2
20803,2
20802,2
20801,2
20800,2
21318,0
21319,0
21315,2
17593,0
17597,2
17596,2
17595,0
3430,0
875,0
873,0
4592,2
4593,0
4591,0
2033,2
2744,2
2746,0
4845,0
4841,2
2039,0
17569,0
5201,0
5203,0
14168,2
5207,0
5209,0
11990,2
11993,2
3486,2
11994,2
11997,0
11996,2
13170,2
13172,0
13175,0
13174,0
11191,0
11193,0
11192,2
11197,0
11196,0
11198,0
18648,2
17922,2
3048,0
16300,0
3040,0
3043,0
17929,0
3047,0
3046,0
20379,0
20378,2
19862,2
20371,2
20370,2
20373,2
20372,2
20374,2
20377,0
19864,2
16307,2
1096,2
1090,2
1099,0
11674,2
15698,0
15692,2
15691,2
15694,0
15695,2
1322,2
1320,2
1326,2
1327,2
1328,2
6907,2
6450,0
6453,0
12423,0
6455,2
6454,2
6457,2
8685,0
8134,0
6458,2
8688,0
8689,0
8130,0
8131,0
15438,2
6908,0
7739,2
7733,0
7732,2
7730,2
7737,0
7736,2
7735,2
7734,2
19199,0
19198,0
1916,0
19448,0
19191,0
3952,2
19193,0
19440,2
19447,0
3954,2
8359,0
8350,2
8351,0
8353,2
8355,0
20266,2
4063,0
4061,0
4066,0
4067,0
4064,2
4065,2
4069,0
5787,0
5780,0
5782,0
5783,0
5788,0
5789,0
3603,2
3602,2
3601,2
3607,0
3605,2
3604,2
3609,0
19993,0
11433,2
11430,0
11431,0
11435,2
17452,0
17103,0
17457,0
4453,2
4452,2
4451,2
4457,2
4454,2
4459,2
4458,0
952,0
955,0
17655,2
20142,0
20140,2
16856,0
16851,0
16850,2
16852,0
16858,2
6335,2
6337,0
6331,2
12163,2
12162,0
12169,2
10453,2
9675,2
9677,0
10109,2
9671,2
10455,0
10105,2
10459,2
10458,2
9678,2
10100,0
10102,2
12094,0
11858,0
11859,2
8909,0
8908,2
11850,2
6060,0
18811,0
8906,0
11854,0
11855,2
8903,2
7128,2
7124,0
7120,2
1667,0
1666,0
1665,0
7954,2
2825,2
2826,2
2827,2
2820,2
5414,2
5415,2
5416,2
5417,2
3382,2
5411,2
3380,2
3381,0
14755,2
14757,0
14751,2
14752,2
3389,2
1409,0
1406,0
1404,2
13904,0
1546,2
4216,2
13900,2
4210,2
4212,0
2608,2
19453,0
4219,2
4218,2
18104,0
1545,2
18101,0
18109,0
18108,0
697,0
3261,2
5579,2
5576,2
5575,2
1541,2
5573,2
11113,2
11112,2
338,0
334,2
3266,2
331,0
330,0
11228,0
11227,2
11225,0
11222,0
11221,2
11220,2
19050,2
19053,2
16628,2
16196,0
16625,2
16622,0
16623,2
16621,0
16197,0
12758,0
12759,0
6107,2
6106,2
6105,2
6104,2
6103,0
6102,2
6101,0
12751,0
16995,0
16997,0
16992,2
16993,0
9111,2
9110,0
9113,2
9444,2
9115,2
9117,2
9116,2
16448,2
16449,0
12281,0
16442,0
16443,0
16441,2
12288,2
16444,0
12755,0
21480,2
12752,0
21488,2
21489,2
3416,0
8022,2
21378,2
3415,0
3413,0
21372,2
21373,2
21371,0
21376,0
8020,0
3418,0
8021,0
8026,2
10665,0
10661,0
10662,0
2016,2
2010,0
2013,0
2012,0
18481,2
14103,2
18483,2
18487,0
18488,0
17716,2
17710,0
17712,2
17719,2
13157,0
13151,2
9033,2
20680,2
20682,2
20685,2
13159,2
10593,0
10596,0
10597,2
10594,2
10598,2
10599,2
18667,0
18660,0
18663,0
20357,2
20353,2
20352,0
17900,2
17901,2
10253,2
17906,0
17907,2
10255,0
10254,2
9445,0
9443,0
12992,0
12995,0
12996,0
12286,2
1340,0
1341,2
1342,2
1343,2
1344,2
1345,2
456,2
1347,0
8119,0
6929,0
6928,0
15415,0
6927,0
6926,0
15410,0
15411,0
8115,0
7710,0
7715,0
6522,2
8374,0
8373,2
8370,2
8378,2
13711,2
13715,2
13714,0
13717,2
3971,2
19420,2
3973,0
19422,2
19424,2
3977,2
19426,0
19428,0
3629,2
3620,2
3623,2
3622,0
3625,0
3624,2
3626,2
15797,2
11413,2
11416,2
11418,2
16299,2
16297,2
16294,2
17478,0
17479,0
17470,0
15790,2
4470,0
4472,2
4475,2
4474,0
4477,0
4476,2
19865,2
2467,0
2462,0
1024,2
20161,2
2468,2
20165,2
20166,2
16873,0
16872,0
16871,0
20893,0
16875,0
3417,0
6312,2
6313,2
6310,2
6311,2
12147,0
12146,0
6315,0
8530,2
12149,2
10439,2
10129,0
10128,0
9657,0
9654,0
10431,2
10430,2
9306,2
10432,0
10435,0
10434,2
9302,0
10436,2
18870,2
18875,2
8969,2
8968,2
8962,0
8961,0
8965,2
1644,2
1643,2
1642,2
1649,0
1648,2
18294,2
2809,2
2802,0
2803,2
2800,2
2806,2
2807,2
1420,2
14739,0
1425,2
5437,2
1427,0
3364,0
1428,2
5438,2
3367,0
3360,0
6323,2
4273,2
4277,0
4276,2
5555,2
5556,2
5559,2
5558,0
13482,2
4867,0
8588,0
8581,2
8580,2
8582,2
14340,0
5880,0
5889,0
5888,0
8275,2
15065,2
6556,0
15061,2
6551,2
6552,2
15062,2
16013,2
19775,0
16016,2
5879,0
7504,0
7505,2
354,0
7500,0
7501,0
9880,2
7508,2
16604,2
3759,2
16607,0
16600,2
16602,2
3100,0
16608,2
12774,0
12775,0
12424,0
6121,0
6120,2
12772,0
12778,0
6128,0
10115,2
10440,2
10959,0
10110,0
10950,0
16460,2
21175,2
21176,2
21177,0
16465,2
21173,2
16468,2
16469,2
15970,0
21178,2
21179,2
12426,0
2259,2
2257,0
4637,0
2253,2
2252,2
2251,0
21350,2
21352,2
21354,2
21356,2
21357,0
21358,0
21359,2
19913,0
13787,2
2785,0
4801,2
2787,2
4803,2
4804,0
4805,2
2783,2
4807,0
4809,0
2789,2
16726,2
9465,0
2079,2
10601,2
10606,0
11602,2
2073,0
10608,0
10609,2
4098,0
11954,0
18465,0
17738,2
9792,0
9797,0
9795,0
9799,0
14389,0
4027,0
18602,2
18600,2
18606,2
18604,0
18605,0
20401,2
20400,2
20407,2
20409,0
20453,2
12978,0
15656,0
12974,2
15655,2
8794,2
15653,0
7080,2
7083,2
7085,0
7087,2
7088,0
9807,2
20421,2
20420,0
15384,0
6494,0
6497,0
15387,2
15380,2
6493,0
8177,0
6499,2
6498,0
15478,0
15479,2
6943,0
6941,0
15471,0
15476,2
15477,2
6944,0
19966,2
15446,0
20358,2
8399,2
8394,2
8396,0
8391,2
8162,2
4398,2
4399,2
4397,2
1366,2
1367,2
1364,2
3194,2
3192,0
474,0
478,0
3199,0
3198,0
4026,0
164,2
13735,2
4025,2
4023,0
4021,2
13292,0
4028,0
4029,2
11381,2
11385,0
11386,2
11387,0
19159,2
19409,2
3997,0
3996,2
3994,2
3993,0
3991,0
3990,2
299,2
293,2
290,0
2440,2
2447,0
12524,0
2449,0
7867,0
7866,0
7865,0
7864,2
7861,2
7869,2
12520,2
16819,2
16818,2
8091,0
16811,0
16810,2
16813,2
16812,2
16815,2
16814,2
16817,2
16816,2
12128,2
6372,2
6373,0
12125,0
12127,2
10140,2
10414,2
10411,2
10146,0
10419,2
10418,0
9638,0
9328,2
9326,0
9324,0
9637,0
8940,0
8943,0
8945,0
8944,0
8947,0
8946,2
8948,0
18851,0
5407,2
3394,0
1623,0
1622,0
3205,2
1620,2
1995,0
1626,0
1996,0
5188,2
1628,0
2862,0
559,2
558,0
2866,2
2867,0
555,2
554,2
557,2
551,2
550,0
553,0
552,2
5054,2
14715,0
1198,2
3348,2
3349,0
1191,2
5451,2
1193,2
1192,2
5454,2
3347,0
3344,0
3345,2
4259,0
4258,2
4253,2
4257,2
18149,0
5532,2
5530,2
5537,0
5535,2
5538,2
18145,0
16574,2
6572,2
6573,2
6576,0
6577,2
15045,0
6575,2
6578,0
15048,0
5100,2
6220,2
7694,2
7696,2
7690,2
7693,0
7698,0
6227,2
3830,0
3831,2
3833,0
3838,0
3839,0
12668,2
11102,0
379,0
378,2
7520,2
7521,0
371,0
372,0
6655,2
377,0
376,0
16662,2
16663,2
19364,0
19365,2
16667,0
16664,2
16665,2
16668,2
19368,0
19369,2
6147,2
6146,2
12714,2
12715,2
14646,2
6149,2
12719,0
10971,2
10972,2
10973,2
10974,2
14860,2
19653,0
10978,0
19650,2
6920,0
16171,0
5919,0
6922,0
19657,2
21112,2
21113,2
21117,2
16488,0
16486,2
16487,2
19307,0
16480,2
16481,2
2275,2
2276,2
2271,0
2270,2
2273,2
9763,0
2279,2
11597,0
11599,0
11598,0
17282,0
17538,0
17285,0
17284,2
17289,0
2055,2
2054,0
2056,0
4827,2
4536,0
4537,2
4820,2
4821,2
9403,0
11622,2
11621,2
7983,0
11627,0
7985,0
9405,2
7987,2
11629,2
10623,0
10625,2
11979,2
11978,2
11977,2
11976,2
17758,0
20648,2
17751,2
17753,2
20646,2
20641,0
20640,2
13199,2
13192,2
13191,2
13190,2
13197,2
13196,2
13195,0
13194,0
20469,0
20468,2
20398,2
20393,2
20392,2
20463,2
20465,0
20396,0
20395,2
16311,2
10088,0
10089,2
7322,2
7323,0
10085,2
10086,0
10080,0
10083,2
18445,0
21060,2
18443,0
18448,0
15674,2
12956,0
15672,0
15679,2
8225,0
800,0
7068,0
7067,0
7066,2
7065,2
7064,0
7063,2
7061,2
7060,2
18621,0
18627,2
6961,0
15451,0
12480,0
15453,0
15902,2
12487,0
15900,0
15457,2
8624,0
15459,2
12488,2
8155,2
15908,2
15909,2
5898,2
16370,0
9988,0
9984,0
9985,2
9981,2
11025,0
14504,0
11027,0
14506,0
11029,0
11028,2
416,0
410,2
1384,2
1387,0
1381,2
1382,2
11369,0
11362,0
19178,2
19171,2
19170,2
19174,2
1771,0
19280,2
19283,0
19285,0
1773,0
19286,0
19826,0
6689,0
6680,2
6681,2
6682,0
6683,2
6684,2
6685,2
6686,2
6687,2
2428,2
2429,2
2421,2
16837,2
16836,2
16347,2
16346,2
16833,0
7848,0
19823,0
16342,2
7845,2
7847,0
7841,2
16348,2
16839,2
16838,2
6356,2
12106,2
6352,0
6353,0
6350,0
6358,2
9343,0
9612,2
9613,2
9346,2
9611,2
9348,0
9349,0
10165,2
10163,2
10162,2
9618,2
9619,0
21255,2
21254,2
21257,2
21256,2
21251,0
21253,0
21252,2
21259,2
14888,0
1815,0
1816,2
14881,0
12084,0
14886,0
6070,2
1608,2
3229,0
3228,0
1601,0
1975,0
1602,2
3223,0
1606,0
13276,0
1555,2
13274,0
2163,2
13270,0
13271,0
13279,0
2849,2
2847,2
2843,0
3320,0
5477,0
5474,0
5475,2
5472,0
5473,0
5470,2
5471,0
3329,0
14263,0
9894,2
3970,0
5042,0
18166,2
19427,2
18160,0
20485,0
5511,0
17993,0
5517,2
5516,0
536,2
535,2
534,2
533,2
532,2
531,2
530,2
539,2
538,2
1909,0
4000,2
11105,0
15029,2
15028,2
15590,2
15020,0
15023,2
6514,2
15024,2
15027,2
15026,2
8707,0
15594,2
3817,2
8704,0
8457,2
8454,2
8453,0
8458,2
7548,2
7541,2
7544,2
16648,0
16649,0
16139,0
19344,0
16641,2
16642,2
16644,2
16645,2
16130,0
19343,0
6169,0
12731,0
6163,0
6165,2
6166,0
10998,0
10999,2
10992,0
21138,0
21130,0
21131,0
21132,2
21133,0
21134,2
21135,2
21136,2
2213,2
2212,2
2211,2
2219,0
6130,2
17519,0
17518,0
17513,0
17511,0
8521,2
4518,0
12580,2
13462,0
4510,0
4517,2
11649,2
9428,2
11103,0
11643,0
9422,2
9425,2
11644,2
9427,2
17777,0
5288,0
17775,2
18205,0
17773,2
17771,0
17770,0
5281,0
5283,0
5287,2
5286,0
20669,2
20668,2
20662,0
20660,2
20667,0
20557,2
21394,0
21391,0
21393,0
20915,2
20446,2
20917,0
20443,2
20442,2
20913,2
20440,2
20919,0
20918,2
20448,2
9025,0
10240,2
7302,2
9288,0
7305,0
9285,2
9284,2
9287,2
16470,2
9280,2
9283,2
11910,0
11913,0
18421,0
11915,0
11916,0
18429,0
15613,2
15610,0
15616,0
12937,0
9477,2
7045,0
7046,0
7041,0
10200,0
18686,0
9475,2
7049,0
7048,2
10208,2
10209,0
18399,0
18392,0
18394,0
21536,0
18396,0
18397,0
8608,0
8602,0
6985,0
15920,0
8607,0
6981,2
14697,2
2983,0
2982,2
2985,0
21166,2
1019,0
1015,2
1016,2
1017,2
1010,2
1011,2
1013,2
4358,2
4357,2
4351,2
4353,2
11007,0
14525,2
14524,2
438,2
439,2
436,0
435,0
11344,0
11340,2
11348,0
11349,2
19113,0
5708,0
5707,2
5701,2
15337,2
15336,2
2247,0
15785,2
20168,2
9101,2
16587,2
16585,2
16584,2
16583,2
16589,0
16588,0
12697,0
12696,0
12694,0
12692,0
12690,0
12699,0
12698,0
10834,0
1433,2
10831,0
10833,2
10832,2
10839,2
5355,2
19803,2
19802,0
21095,2
16360,2
19807,0
16365,2
7823,0
16369,2
7820,0
7826,2
7825,0
7824,0
17180,2
17182,0
17184,0
17186,2
9369,2
9366,2
9364,2
9365,0
9363,0
21272,2
8987,0
8986,2
8981,2
21275,2
8982,0
21278,0
1832,0
1836,0
1837,2
1835,2
3795,0
3797,0
1839,0
3790,2
3793,0
3792,2
4981,0
2155,0
4983,0
2405,0
2151,0
4987,0
2153,2
2159,0
2409,2
1951,0
14069,2
1959,0
3243,2
3241,2
16874,0
1990,0
13258,0
13255,2
13256,2
18986,0
18988,0
1483,2
1480,0
5499,0
3309,0
5494,2
5495,2
5496,2
1488,2
3302,2
3303,0
5492,2
20058,0
10612,2
1438,2
18188,2
18187,2
18186,0
18180,2
18182,0
2792,0
2065,2
518,0
11043,0
513,2
512,2
514,2
517,2
1226,0
1225,2
1220,0
1229,2
1228,0
8291,2
15006,2
6534,2
15004,0
6532,2
6533,2
8297,2
8296,2
8298,0
15559,2
15558,2
6538,0
6539,2
19763,0
15560,0
11049,2
16006,0
11048,0
5868,0
3879,0
3870,2
3872,2
3873,0
3874,2
3875,2
8479,0
8478,0
8475,0
8472,0
9652,2
7568,0
7569,0
19329,0
19325,0
9305,0
8244,0
4167,0
4165,0
4161,2
4160,2
4169,2
9301,2
20698,0
2239,0
2238,2
998,2
2231,2
2230,2
2234,2
2237,2
2236,2
5937,2
16115,0
5935,0
16117,0
16110,2
5932,0
16112,0
5930,2
19639,2
5938,2
17573,0
17574,0
17576,0
17579,2
3492,0
3490,0
3491,0
2097,0
4574,2
13404,0
4576,0
2092,2
4579,0
2099,2
11667,2
11666,2
11664,2
11663,2
11661,0
19906,0
20600,2
20605,2
17798,0
20606,2
17795,2
17791,2
11308,2
20932,2
20931,2
20930,2
20937,2
20936,2
20938,2
11301,2
7362,0
7363,2
7366,0
7367,0
12316,0
12317,0
18402,0
11934,0
11933,2
12318,2
11930,2
12919,0
12910,0
15632,2
12914,2
12915,2
15636,0
12917,0
7023,0
7020,2
7027,2
7024,0
10224,0
10225,2
7029,0
10227,2
10222,0
21517,0
21512,0
9833,0
20432,2
15944,2
7591,0
7791,0
7790,2
7797,2
7796,0
20719,0
1039,0
1032,0
1033,2
1030,0
4378,2
4372,2
4370,2
4371,0
4376,2
4374,2
14549,2
11060,2
11063,0
14542,0
14545,2
14544,0
14547,2
15494,0
15495,2
8662,0
17899,0
8666,0
8667,0
17892,0
17896,0
4080,0
13790,0
4084,2
4085,2
4088,2
4089,2
11322,0
11320,2
11327,0
11324,0
5729,2
5722,2
19136,0
5720,2
5721,2
5727,0
5724,0
5725,2
11498,0
11499,2
11490,0
11492,0
11494,2
11497,2
8085,0
8087,0
8080,0
8089,0
19790,2
16569,2
19796,0
19799,0
16561,2
16563,2
12679,0
12674,2
12677,0
6647,2
6641,2
6642,2
12672,2
10811,0
6184,0
10817,0
10816,2
7802,0
21078,0
19860,0
21077,2
21076,0
21071,0
16304,0
21073,0
19866,2
12531,2
2396,2
2397,2
2393,2
2391,2
2398,2
4135,0
21219,2
21218,2
21211,2
21210,0
21215,2
21214,2
2722,2
1858,0
3841,2
1853,2
5690,0
2173,2
2175,0
4965,0
4964,0
4963,0
1933,0
1932,0
3263,0
5431,2
5128,2
3264,0
1934,0
3269,2
5125,0
5126,2
5127,0
5121,0
5123,0
1429,0
9192,0
13231,0
13236,0
13237,2
14220,0
14957,0
14954,2
14736,0
18210,2
14959,0
20038,0
20039,0
20037,0
20034,0
20035,0
6886,0
6887,2
6884,0
6880,2
6881,2
6888,0
1209,2
1208,2
1205,2
1207,0
1201,0
1200,2
1203,0
15571,0
15570,2
15575,0
8276,0
15579,0
15578,0
8270,2
16094,0
16097,0
1351,2
461,2
6668,2
12204,2
6669,2
12205,2
1354,0
9809,0
7584,0
9804,2
7583,0
18120,2
12202,2
12203,0
6483,0
12654,0
15391,2
6481,0
4149,2
4145,2
4144,2
4146,0
4141,2
4143,0
4142,2
3856,2
3857,2
3853,2
6485,2
14859,0
3858,2
19667,2
5964,0
5965,0
16173,2
16170,2
19651,2
19304,2
16177,0
19654,0
16175,2
19308,2
5914,2
19658,0
16140,2
5911,2
5910,0
5913,2
5912,2
16327,0
17559,2
17558,2
17556,2
17554,2
17221,0
17551,0
19844,0
4554,2
4555,0
4552,0
4551,2
11689,2
11685,2
11684,2
11687,2
11683,2
17540,2
8866,2
20628,2
20624,0
17545,2
8865,2
21408,0
14984,0
16796,0
16797,2
16794,0
16795,2
16792,2
8860,2
8861,0
16798,2
16799,2
12087,0
6075,0
12085,2
6073,2
12083,2
12080,0
21405,2
6078,2
20959,0
20489,0
20488,2
2613,2
2611,2
20480,2
20954,2
2619,2
7346,2
7344,0
7342,2
7341,0
10794,0
10027,2
10796,2
10025,2
10790,0
10023,2
7349,2
13435,0
12338,0
12339,0
12334,2
12336,0
12331,0
12333,0
7008,2
9029,2
7001,2
10243,2
9027,0
9020,0
10245,2
18682,0
21538,0
21539,0
18688,2
18689,0
21532,0
741,0
743,0
745,2
748,0
2948,0
2946,2
2945,0
2944,0
5357,0
5356,2
1052,0
5354,2
5352,0
5351,0
5350,0
1059,2
5359,2
5358,2
4310,0
4313,2
4318,2
15067,2
11047,2
11046,2
14563,0
11041,0
18028,2
18029,0
3118,2
3117,0
3115,0
3111,0
3110,0
15961,0
15963,0
15964,0
15967,2
15968,0
15969,2
8644,2
8641,0
6559,2
5740,0
5741,2
5742,2
5743,0
5744,2
5746,0
11300,2
5749,2
11302,2
11305,2
11306,2
11307,2
21040,0
17874,0
15217,0
12534,0
12532,0
15213,0
15210,0
15211,2
12538,0
16098,0
16549,2
16091,0
16093,0
16095,0
16546,2
16545,2
16096,0
12659,2
12658,2
12652,0
12651,0
6661,2
12657,0
12655,0
6665,0
10879,2
10870,2
10873,2
10872,0
10874,2
10877,0
10876,0
19515,2
16890,2
16893,2
16324,2
19511,0
19510,2
19512,0
21053,2
21051,0
21050,2
21055,2
16176,0
2379,2
2374,0
2375,0
2376,0
2370,0
21237,2
21236,2
21234,2
21233,2
21232,2
17873,0
21238,2
1877,2
1875,2
1872,2
1873,2
1871,0
2118,0
2110,0
2112,2
2114,2
2115,0
2116,0
14028,0
13708,2
1919,0
1918,0
17054,0
17052,0
17053,0
3287,0
1910,0
3285,0
1912,0
1917,0
5105,2
13210,0
13211,0
13212,0
13214,2
11136,2
18375,0
10499,2
10498,0
18372,0
883,2
882,2
18239,2
18238,0
14978,0
14974,0
14975,2
889,0
14970,2
18236,0
18234,0
20546,2
20012,0
20545,2
4015,2
20548,2
356,0
9884,2
20943,2
15397,2
353,0
352,0
6616,0
6869,0
15396,0
6864,2
6865,2
15777,2
20945,0
6860,2
6861,2
6862,2
6863,2
9580,2
7352,0
9238,2
9239,2
8255,2
8254,2
1269,0
8252,0
1263,0
1260,0
8259,2
8258,0
1265,2
1264,2
5102,0
8788,2
9235,2
15511,0
15510,2
8781,0
8780,0
15515,2
1913,0
8785,2
8784,2
7618,0
7611,0
17058,0
17059,0
8430,2
8432,0
8435,2
15584,0
8438,0
9142,0
9825,2
9827,2
9822,0
9829,0
5366,0
6125,0
6124,2
3008,2
15296,2
6123,2
12596,2
8512,0
8045,2
4129,0
12592,0
4123,2
6129,2
4120,2
4127,0
4125,0
5689,0
5684,2
5687,2
5686,0
5680,2
5682,2
9147,0
11515,0
11514,0
11510,2
19679,0
5973,0
5972,2
16152,2
5977,0
16155,2
5975,0
5974,2
17201,0
17206,0
887,2
18231,0
2585,2
2584,2
2583,2
2580,2
14971,2
16285,2
20013,0
6059,0
6055,2
6054,2
6056,0
6051,2
10000,2
2638,0
10002,0
16461,2
2635,0
2637,0
10008,2
2630,2
16463,0
9599,2
9229,2
9590,0
9220,0
12352,2
12353,2
12350,0
12351,2
12356,0
16045,2
12355,0
10261,0
10262,0
10264,0
10265,0
9049,2
9048,2
9040,2
9047,0
9045,0
9044,2
3545,2
3547,0
3542,0
3543,2
21553,2
21550,0
21551,2
21556,0
20976,2
20975,2
20974,2
20973,2
20972,2
2965,0
2964,0
768,0
2961,2
2960,2
2963,2
2962,2
762,0
2968,0
764,0
5379,0
1078,0
1076,0
1074,0
5376,0
5371,0
1070,2
1071,2
13005,2
13007,0
13006,2
13003,0
13008,0
9274,2
4338,2
4339,0
4337,2
4333,0
4330,2
4331,2
3131,0
18009,0
3133,0
14587,0
14586,2
3139,0
18001,0
14582,2
20207,2
20206,2
17857,0
17853,0
15988,0
15989,2
15987,2
15984,2
15985,2
15980,2
15981,2
5767,2
5762,0
15180,2
15188,2
15189,2
15326,2
6436,0
15325,2
12442,0
6432,0
15239,0
15234,0
12515,2
12516,2
12517,2
15230,0
12512,0
15233,2
7427,2
7424,2
7421,2
7428,2
16521,2
16523,0
16522,2
16527,2
12631,2
12630,2
12633,0
6603,0
6604,0
12636,0
6609,2
6438,2
6866,2
16202,2
10856,2
10855,2
10853,2
10851,2
15772,2
16203,0
21031,0
21030,0
21032,2
21034,2
21037,2
21036,2
21039,0
21038,2
19539,0
12187,2
12186,2
12185,2
12184,2
12182,2
2353,2
2350,2
2357,2
17694,0
3738,2
3735,0
3734,2
3730,2
4691,0
4922,2
4692,2
4695,0
2133,2
4697,0
11726,2
11727,2
11724,2
11725,0
11722,0
11723,0
16207,2
11721,2
16388,2
11728,2
5160,0
5162,0
5167,0
5168,0
20784,2
20787,0
17074,0
17075,0
17076,0
17077,0
17071,0
17073,0
4806,0
9697,0
14918,0
14912,0
17766,0
14911,0
20569,2
20564,2
20566,2
20567,2
20561,2
20562,2
10600,2
1798,2
1790,2
1797,2
1794,2
6305,2
15759,2
6849,0
15753,2
6840,2
6841,0
6846,0
6844,0
12150,2
18252,2
18254,0
18257,0
18258,2
6590,2
6591,2
6592,2
6594,2
6595,0
6597,2
6598,0
11057,2
7639,2
7632,0
7631,2
7636,0
7634,2
7635,0
18467,0
16037,0
9841,0
9847,0
9844,0
1537,0
1536,2
1243,0
3091,2
1245,2
1532,2
3094,0
1246,0
16030,2
16740,0
16215,0
4100,2
4105,2
4107,0
4106,2
19241,0
9647,2
16747,0
9641,0
16210,0
18419,0
9640,0
3899,2
3893,2
3890,2
3894,2
3895,2
17616,2
17617,2
5951,2
5950,2
11539,2
5955,0
5954,0
5958,0
8951,0
17224,0
1457,2
17260,0
17264,0
6033,2
6030,2
6035,2
6034,0
9205,0
9207,0
10061,2
10066,0
10067,2
9202,0
2652,0
10068,0
2650,0
9208,0
3039,0
7388,2
7382,2
7381,2
7386,0
7385,2
12374,0
12378,2
12379,2
17223,2
9065,0
9064,0
9066,2
9069,0
10284,2
10282,2
10280,2
21571,0
21574,0
21576,0
3563,0
3564,0
3565,0
3569,2
17489,2
17488,0
4481,0
13393,2
4488,0
146,2
2907,2
147,2
704,0
706,2
707,2
700,2
701,2
702,2
703,0
11883,2
14619,2
11884,2
11888,0
20195,2
5318,0
20191,2
140,2
5313,2
5312,2
5317,2
5316,2
5314,2
13023,0
13021,0
13027,2
13026,2
13025,2
13024,0
3153,0
3152,0
18068,2
17877,0
3157,0
17872,0
3154,0
18062,2
18061,2
11087,0
11086,2
18065,2
20223,2
20221,2
20220,2
20226,2
20228,2
8577,2
8571,0
8572,0
8578,0
8579,2
15258,2
15259,2
12572,2
12573,2
15250,2
12571,0
12574,0
15255,0
7404,2
7407,0
7406,0
19081,0
19087,0
16055,2
19734,0
19737,2
19731,0
16502,2
19732,0
12619,2
6629,2
12616,2
6622,2
6620,2
12610,0
19559,0
12503,0
21019,0
21018,0
21017,2
21016,2
21014,2
19887,2
21012,2
19557,0
19556,0
15227,2
15226,0
4714,0
2332,2
2333,2
2335,2
4712,0
2337,2
2338,2
2339,2
12504,0
3717,0
3711,0
3713,2
17677,0
17674,0
17672,2
17673,0
17671,0
4908,0
2488,2
4901,2
4900,2
2484,2
2482,2
2483,2
12973,0
7437,2
11708,2
20766,0
11705,2
11706,0
11707,0
11700,2
5148,2
5149,0
5146,0
5141,2
123,2
124,0
125,0
126,2
127,0
17012,0
20767,2
17011,0
17015,2
7221,0
15354,2
7956,2
7955,2
7222,0
7953,2
7226,2
5423,2
10342,0
20502,2
15778,0
1181,2
20507,2
7247,0
7245,2
7244,2
7240,0
9160,2
10694,2
9163,0
15886,2
15733,2
15732,2
6825,2
15881,2
6827,2
15739,0
15889,2
15888,2
10545,0
10544,2
10547,2
10541,2
10542,2
10548,0
6674,2
12646,0
14282,2
14932,0
14933,0
14934,2
8810,2
18904,2
18906,0
18271,0
6670,2
8219,2
6495,2
8748,0
8747,0
8745,2
8212,2
8742,2
8741,2
8740,2
7650,0
6496,2
7657,2
6491,2
8176,0
16086,2
4249,0
939,0
9566,2
15389,2
9869,2
12271,2
10746,0
9861,0
9860,2
4241,2
9867,2
9866,0
14427,2
11144,0
930,0
14423,0
937,2
11149,0
1519,0
1512,0
14551,2
16159,2
5389,0
6964,0
11832,2
11833,0
11551,0
11550,0
11553,0
11555,0
14842,0
11559,0
11558,0
11831,0
19674,2
5976,2
19506,0
19507,0
16332,0
21047,2
19854,2
21042,2
16337,2
16266,2
16264,0
260,0
16262,2
16263,2
16269,2
6010,2
6014,2
6017,2
6018,2
14995,2
17248,0
17247,0
17246,0
17245,0
17241,0
9263,2
10049,0
9260,2
9267,2
9266,2
10738,2
10040,2
983,2
10042,0
9268,0
986,2
10046,2
18962,0
12398,0
12399,0
12397,0
12394,0
12395,0
12390,2
12391,2
11940,0
9088,0
9087,0
9081,0
3509,0
5089,2
5083,2
5082,0
5081,0
5080,0
3505,0
5085,2
5084,2
2671,0
2672,0
2674,2
2677,0
2929,2
2928,2
2920,2
2924,0
2927,2
2926,0
5331,2
5330,0
5332,0
5335,0
5334,0
5339,2
18590,0
18591,2
18595,0
13041,0
13043,0
13045,0
13046,0
18040,0
18732,2
18730,0
15077,2
18048,2
18738,0
17812,0
17813,0
17810,0
17811,2
17816,0
3176,0
20249,2
20241,2
20247,0
724,0
725,0
722,2
728,2
1160,2
1169,2
6549,2
470,2
1363,2
1360,2
5250,2
12806,0
12551,2
8556,2
12803,0
15276,0
8555,2
15278,0
8005,2
8558,0
8559,2
8000,0
8001,2
5257,2
17687,0
791,0
5255,0
17685,2
7469,0
7468,2
7462,2
7466,2
7465,2
7464,0
19719,0
19713,0
19712,2
19711,0
19710,2
16077,0
16076,0
16075,0
16074,0
10899,0
10893,0
10892,0
10891,2
10897,2
10895,0
10894,0
2781,2
4930,2
4732,2
4733,0
4735,0
2316,2
4739,0
2312,2
2310,0
5854,0
5850,0
5858,0
3772,2
3771,2
3770,0
3777,2
17651,0
3775,0
3774,2
3779,0
17659,2
4654,0
4657,2
13543,0
4659,0
17384,0
16380,2
11768,0
11736,2
16385,2
19572,2
19571,2
16386,2
7880,2
7883,2
11767,2
7887,2
11765,0
20744,0
17031,2
20746,2
20747,2
17034,2
17035,2
17036,0
17037,2
17038,0
17039,0
108,2
109,2
100,0
105,0
11121,0
21291,2
21293,0
21292,0
21295,2
21297,2
21298,2
20523,2
20525,0
20527,2
20529,2
10387,0
10385,0
10381,2
10388,0
16925,0
16926,0
16921,2
16923,2
16922,2
7264,2
7267,2
7266,2
16929,0
7260,0
7263,0
12235,0
6205,2
12237,0
12236,0
12231,2
6201,0
6202,0
6208,0
3999,0
15719,2
6809,2
15717,2
6807,0
15715,2
7510,0
15861,0
6801,2
10563,0
9745,2
10561,2
10566,2
9742,0
10564,2
21435,2
21437,2
21436,2
21431,2
21430,2
8835,0
18922,0
18921,0
18920,0
8830,2
16670,2
7678,0
7679,0
7676,2
7674,0
7672,0
7673,2
7670,0
16677,0
1759,2
1752,2
1751,2
1285,2
1284,2
1287,2
11168,2
1280,2
1283,2
11166,0
11160,0
11161,0
14402,2
8765,0
1579,0
8761,2
8760,2
684,0
1571,0
686,2
1577,0
8768,2
1575,2
682,0
13834,0
6157,0
12875,0
8050,2
5629,2
5627,2
5624,2
5620,0
8493,0
8491,2
8490,2
8497,0
8496,0
5994,2
5991,2
11579,0
11578,2
11575,0
11574,0
5998,0
11571,2
11570,2
11867,0
19380,0
19381,2
19383,2
19386,0
19387,0
5660,2
15032,2
6783,2
6785,2
6784,0
6787,2
6789,0
6788,0
14900,0
7888,0
247,0
246,0
19968,0
16718,2
242,0
19964,0
16717,2
16246,2
16247,2
249,0
16241,0
19962,0
16711,2
12005,2
12003,0
12001,2
9539,0
9538,0
9240,2
9535,0
9242,0
9532,0
9531,2
9246,0
15037,0
3699,0
3694,0
3695,2
3697,2
16495,2
3526,0
3520,0
3528,0
16244,2
10714,0
10715,0
10717,0
10710,2
2699,0
2695,2
2693,2
2691,2
14875,2
14876,2
14873,0
14872,2
13067,0
13064,2
13062,2
13060,0
18718,2
18719,2
18713,2
17839,0
20264,0
20262,0
20261,0
17834,2
17835,0
20269,2
17837,0
1147,0
1148,0
7884,2
7199,0
7193,2
7192,2
7191,2
7190,2
7196,0
11,2
10,0
13,2
767,0
8028,2
8029,0
12829,2
15299,2
12824,2
8023,0
15294,0
15295,2
15292,0
8027,2
12822,0
12823,0
7441,2
7443,2
7442,2
7444,2
7449,2
8184,0
4286,2
4285,2
6873,2
4288,2
5090,2
381,0
387,0
388,2
389,2
10427,2
4751,2
4755,2
4756,0
5873,0
19773,0
11299,0
5876,0
5875,0
11292,0
11291,0
11297,0
17632,0
17633,0
17630,2
3751,2
3750,2
3755,2
3757,2
4632,0
4630,0
2194,2
2196,2
2198,2
4638,2
11743,0
11744,0
11746,0
11748,0
19663,0
14417,2
20721,2
20894,2
20896,2
20725,0
20898,2
20728,2
168,2
169,2
13290,0
13291,0
166,2
167,2
160,2
162,0
163,2
4814,2
6198,2
6199,2
2737,0
20090,0
20095,0
9187,2
9184,2
9182,0
9181,0
10367,0
10361,0
9189,2
16903,0
7209,0
16909,2
16908,2
11967,2
12213,0
6223,0
12211,2
9413,0
12216,2
12215,0
6225,0
12219,0
15841,2
15840,0
10509,0
10508,0
9760,0
9761,0
9764,0
10500,2
9769,0
10505,0
10506,0
21413,2
21412,2
21411,0
12122,0
21416,2
21415,2
21414,2
21419,0
8859,2
8858,2
6376,0
8853,0
8850,0
8857,0
8855,0
10416,2
5274,2
5276,0
5270,0
5272,0
5273,0
5278,0
18360,0
18362,0
19742,2
1550,0
11109,2
3038,0
1554,2
3034,0
19744,0
11100,0
11101,0
11106,2
11107,0
11104,0
19033,0
15591,2
8702,2
15593,2
15595,0
5805,0
15597,2
15596,0
15598,2
8708,2
201,2
13854,2
19254,2
5604,2
19255,0
5600,2
5603,2
5602,2
5609,0
5608,2
4690,0
19927,0
16409,0
17140,0
138,2
15335,2
12454,0
12457,0
6427,0
6420,2
18859,0
6422,2
6428,0
6257,2
6767,0
6765,2
6764,0
6763,0
6762,0
6761,2
9977,0
9976,0
9975,0
9973,2
9971,0
9970,2
10311,0
9978,0
16734,0
16735,2
16737,0
16739,0
12024,0
12027,0
12022,2
19902,0
225,0
16221,2
12028,0
220,0
11395,2
11794,0
2505,2
2504,2
2500,0
17174,0
17171,0
5048,2
5044,0
5043,2
17178,0
9515,0
10773,0
9510,0
10774,0
10779,0
9519,2
11829,0
14679,2
18557,0
18554,0
11826,0
14672,2
18882,2
11822,0
13089,0
13085,0
15053,2
18778,0
5183,0
18773,0
18774,0
3204,0
10057,2
20284,2
20286,2
1994,0
10196,2
10197,0
10192,0
10191,0
1128,2
1122,2
1123,2
1124,2
1125,0
15109,2
15107,2
15104,2
15103,2
18085,0
18080,0
8040,0
8514,0
8044,0
8513,0
8510,0
8047,2
8048,2
8518,0
12848,0
12842,0
12843,0
12841,0
12846,2
5097,2
4776,2
4777,2
4774,2
4775,2
4772,0
4773,2
13649,0
4779,0
15669,2
5818,2
5819,2
19029,2
19758,0
5810,0
5815,2
19751,0
19022,0
17618,0
17619,0
17349,0
17346,0
17347,0
17612,0
17342,0
17343,0
17340,0
17341,0
4610,2
4613,2
4615,2
4617,0
13507,0
20708,2
20709,0
144,0
145,2
142,2
143,2
20878,0
20879,2
10358,0
20706,2
10359,0
16695,0
16698,2
3342,2
5452,2
17408,0
2711,2
2714,0
2718,2
5455,0
10699,2
7220,0
10349,2
10348,0
7225,2
5456,2
7950,0
7229,2
9165,0
10693,0
10347,0
9161,0
7958,2
16969,2
16968,0
16961,2
16963,0
16962,0
16964,0
10687,0
6248,2
12278,0
6240,2
12270,0
6242,2
6243,2
6244,2
12274,0
6246,2
12276,0
10527,0
10524,2
10529,2
9700,0
9704,0
9706,0
9707,2
21479,2
14993,2
8873,0
6601,2
8879,2
14998,2
18963,0
21474,2
21477,0
12632,0
828,2
820,0
8163,2
12490,0
12492,0
6972,2
5253,0
1711,0
14199,0
1716,2
1715,0
1714,2
5258,0
1718,0
15821,2
15823,2
15822,2
14440,0
18342,2
11123,0
13946,0
11126,2
11128,2
10752,0
5533,0
17979,0
17978,0
18148,0
17975,2
3013,0
17973,2
17972,2
8728,2
8722,0
8725,0
8724,2
8726,0
4189,2
13870,0
4182,0
13874,0
4184,2
5663,2
5662,2
5661,0
11808,0
5667,0
5665,0
5669,2
6402,0
15312,0
15311,2
15310,0
6407,0
15315,2
15314,0
18,0
8186,0
7765,0
7766,2
7767,0
7761,2
7762,2
7763,2
7768,2
3905,2
3900,2
3902,0
3903,2
3908,2
3909,2
6747,2
6746,0
6741,2
6740,0
6743,2
6748,2
9959,0
9954,0
9956,2
9953,0
9952,2
19256,0
16201,0
16750,0
202,2
16206,2
16755,0
19258,2
12042,2
12040,0
21469,0
12046,0
12044,2
12045,2
12048,0
12049,0
835,0
8880,0
3651,2
3652,2
2526,2
2520,0
2522,2
2529,0
2528,0
11465,0
11464,0
11461,0
11460,0
11468,0
10071,0
5060,2
17152,0
17151,0
17157,0
17156,0
17155,2
17405,0
17406,0
17403,0
2748,2
4408,0
4404,2
4407,0
4401,2
9572,2
9570,0
9577,2
9576,2
920,2
922,2
9578,2
924,2
925,0
10756,0
10757,0
14839,0
5392,0
5390,2
5396,0
5394,0
11802,2
5398,0
20119,2
20118,2
20114,0
20117,2
20112,2
12827,0
787,0
9393,2
9392,0
783,2
9399,2
9398,0
18575,0
18576,0
18577,0
18570,2
15049,0
15126,2
15120,0
15121,0
15122,0
15128,0
7158,0
7157,2
7155,2
7154,0
10242,2
18751,0
18752,0
18754,2
12860,2
12861,0
12862,2
12866,0
8069,0
12869,2
8064,0
7484,2
7487,2
7481,2
7483,2
7482,0
780,2
7488,2
781,2
2898,0
2897,0
2896,0
2890,2
1104,2
1105,2
1102,0
1103,0
1452,2
5244,0
1898,0
1108,2
1897,0
13136,2
2137,2
4920,2
4798,0
4794,2
4795,2
4796,2
4797,2
4791,2
4792,2
5835,0
2130,0
5830,0
11256,0
11257,2
11255,2
11252,2
11253,0
11251,0
19009,2
19006,0
10919,2
11787,2
11789,0
14969,2
17364,0
17365,0
6837,2
12783,2
12785,2
8890,2
10321,2
2779,2
10322,0
10324,2
4893,2
2771,2
2772,2
2773,2
2775,0
4894,2
16415,0
16946,0
16417,2
7979,2
16410,2
16941,2
7975,2
7974,0
7977,0
9146,0
7970,2
9497,0
21189,2
6267,0
12255,2
12250,2
21181,2
21182,2
21187,0
12258,2
17097,0
17095,0
17098,0
17099,0
9720,0
20337,2
9728,2
21325,2
21324,2
21455,2
21454,2
21453,2
21451,2
21322,2
846,2
7529,0
3463,2
842,0
8899,2
8898,2
8895,0
8893,2
8892,2
849,0
3468,2
20583,2
20586,2
20584,0
1581,0
20339,2
1584,0
5118,0
1739,2
19360,0
1731,0
5231,0
1732,2
5234,0
1734,2
5236,2
5237,0
13126,2
13124,0
13122,2
15808,0
15807,2
15804,0
15803,0
15801,0
15800,2
3071,0
3072,0
3073,0
3077,0
18321,0
14315,0
14316,2
14310,0
1598,0
18326,2
20324,2
17958,0
20321,0
17952,0
17950,0
17957,0
17956,0
20328,2
12716,2
12717,0
5641,0
5643,0
5644,2
5647,2
8068,0
489,0
484,2
483,2
480,2
6460,2
6461,2
12413,2
6463,0
12415,0
6465,2
6466,2
7746,2
7747,0
7749,0
3922,2
19491,0
3920,0
3926,2
19499,0
3928,0
6723,0
8306,0
6721,2
6726,0
6725,0
8300,2
9072,2
6729,2
8309,0
14,2
9930,2
9937,2
9936,2
16779,0
16770,0
19270,2
19272,0
16777,0
12068,0
6091,0
6090,0
6093,0
6092,0
12064,2
6094,2
6096,0
3672,2
3673,0
3676,2
3674,2
2543,0
2542,0
2540,0
21114,2
2544,2
2549,2
2548,2
1456,2
11443,2
11441,0
11440,2
11447,0
11446,0
11444,0
11449,0
3580,2
5002,0
3582,2
3584,2
3585,2
3587,0
3589,0
1101,2
17429,0
3290,0
17134,0
903,0
4429,0
904,2
13333,0
4420,2
4425,0
9559,0
9558,2
9551,2
9554,0
9557,2
9556,2
6218,0
20138,2
20132,2
20137,0
20135,2
16953,2
11861,0
8935,2
11863,0
11862,0
8930,2
11864,2
18514,2
11866,0
18519,0
14818,0
15141,2
15146,0
15144,2
15145,2
15149,0
7177,0
8628,0
2917,0
19850,2
1696,2
1694,2
1692,0
1693,0
12888,0
12889,2
12886,0
12885,2
12883,0
12880,0
12468,0
15309,2
14761,0
6848,2
1814,2
1477,0
12465,0
1478,0
12460,0
6410,0
4228,2
12462,0
12463,2
4220,2
4223,2
5586,2
27,2
5582,2
5583,2
22,0
23,2
15757,2
5309,0
11274,0
11276,0
13688,0
11270,0
11271,0
11272,2
11273,0
15565,0
11279,0
19856,0
19062,0
19069,0
5304,0
3912,0
19480,2
8502,2
2281,0
19681,0
19680,2
19683,0
6730,2
4829,0
10905,0
10904,2
10907,2
8317,2
10901,0
17304,0
17305,0
10909,0
10908,0
9124,0
9127,2
10306,0
6737,0
10302,0
16432,2
16430,0
16437,2
16434,2
7913,2
7912,2
7914,2
7980,2
6288,2
8234,0
6280,2
12138,0
6282,2
6283,2
20833,2
20836,2
20837,2
20834,0
185,0
7984,0
20838,2
21303,0
21302,2
21301,2
21300,2
21308,2
10622,0
868,2
11628,2
3449,0
861,2
3446,0
865,2
3440,0
867,0
866,2
2756,2
2025,0
2026,2
2027,0
2020,2
2750,2
2751,2
19655,2
2028,2
2029,2
9337,2
5216,2
5214,0
5215,0
5212,2
5210,0
14156,0
10404,0
14154,0
5219,2
9332,0
13105,0
13103,2
18307,2
14485,0
18303,2
18302,0
18300,0
18658,0
18309,2
18308,2
17930,0
17933,2
3056,0
3053,0
20308,2
20309,2
20304,2
20300,2
20302,2
212,2
15688,2
17752,2
15680,2
15682,0
1317,2
1316,2
1315,2
1314,2
1313,0
1312,0
1311,2
15425,2
6447,2
15427,2
6917,2
15421,0
12432,0
6912,0
6441,2
15429,2
15359,2
7728,2
7729,2
7722,0
7723,2
7725,2
7726,2
3948,0
12079,2
19478,0
19474,2
19475,2
3944,2
19473,0
3946,2
6709,2
6708,0
6701,2
8327,0
6702,0
6705,2
8320,2
6707,0
8322,0
9914,2
12073,0
4055,0
4052,0
4051,0
3612,2
3619,2
2569,2
2568,2
2561,2
2560,2
2562,2
2565,2
2567,2
2566,2
11429,2
11428,2
11425,0
11424,2
5029,2
17440,2
17115,0
17442,0
17113,2
5021,2
5020,0
4440,1
4446,2
4447,0
960,0
963,2
968,2
969,0
20151,2
20159,0
20391,2
3092,0
3093,0
20467,2
3096,0
1244,2
3095,0
10467,0
10464,0
10462,0
7320,2
8912,2
18539,2
8916,0
18828,2
8915,2
11847,0
18531,0
8919,0
11843,0
11841,0
15161,0
15162,2
7113,2
7111,0
7110,0
7115,2
7119,0
1963,0
18795,0
1678,0
1679,2
1675,0
1676,0
1677,2
1673,0
14744,2
11966,2
1412,0
1414,0
4201,0
4204,0
4205,2
12788,0
5564,0
5565,2
5566,2
5567,0
5561,0
5563,2
302,0
304,0
11210,0
11211,2
7296,0
19045,2
19044,0
19042,0
19041,0
3356,0
15244,0
4898,0
4892,2
4890,0
16638,0
16185,0
16635,2
16188,2
16633,2
12748,0
6115,2
6111,2
12743,2
6113,2
17328,2
17329,0
10921,2
10926,2
10925,2
10924,2
10928,0
7930,0
7935,0
7286,2
7937,0
9454,0
9107,0
9104,0
9450,0
9103,2
9453,0
16459,2
16458,2
16989,0
21148,2
16983,0
16450,2
16981,0
21146,2
16987,0
21140,0
16985,0
21142,2
12298,0
16419,0
12296,2
12294,2
20811,0
20812,2
20813,2
20814,2
20817,2
6264,0
21369,0
21360,2
21491,0
21490,2
17589,2
6612,2
3422,0
3420,2
3425,2
2000,0
2001,0
2006,0
2005,2
4585,0
4584,2
4586,0
4581,2
4583,2
4850,2
18497,2
15450,0
18495,2
14177,0
18493,0
18490,0
14178,0
11989,2
12259,0
11982,0
6965,0
11980,2
11981,0
6619,0
8629,2
15901,2
13168,0
10584,0
6968,0
13163,0
13165,2
11183,0
12489,0
18674,0
17915,0
8623,0
17911,0
20368,2
20363,2
20367,2
20364,2
20365,2
1087,2
1085,0
1084,2
1082,0
1080,2
1088,0
12987,0
12981,2
12980,0
12988,2
5993,2
18155,2
449,2
1339,2
7516,2
1335,0
442,0
441,0
447,2
1332,0
6930,0
6931,2
8699,0
15406,2
6935,0
8126,2
8125,2
6939,2
8691,0
8690,0
8692,0
7707,2
7704,0
38,2
7702,2
37,2
36,2
7709,2
21321,0
19180,0
19181,0
8349,0
8342,0
8340,2
8347,0
8344,0
541,2
3466,0
844,0
3461,0
4075,0
4074,0
840,0
4071,0
5796,0
19450,2
19451,0
3960,0
3961,2
19459,2
3968,2
5798,0
3639,0
3637,2
3634,2
3632,0
3633,2
3630,2
3631,2
3469,0
848,2
11407,2
11405,2
11403,0
11402,2
11400,2
19983,0
19981,2
19986,0
19984,0
19238,0
19989,0
17462,0
4465,0
945,0
940,0
941,0
20652,2
20176,2
20174,2
20170,2
16848,2
12176,2
6325,2
6324,2
12172,0
12173,0
12171,2
12178,0
12179,0
10449,0
9661,0
10119,2
10445,0
10446,0
10447,2
10112,2
10442,2
9668,0
8978,0
8979,2
8970,2
8972,2
8975,0
8976,2
8977,2
5870,0
7139,2
7130,0
7133,2
7132,2
7135,0
7136,0
1658,2
1659,0
1653,2
1650,2
1651,2
1656,0
1657,2
1655,2
5238,0
2839,2
2838,0
2836,2
2834,2
2833,0
14729,2
3390,0
1434,0
3395,0
5402,2
3396,0
3399,0
5409,2
5408,0
9441,2
4261,2
4266,0
4267,0
1735,0
5235,0
18111,0
17666,2
5543,2
5540,0
5541,0
5546,2
5544,2
5545,2
8598,0
8599,0
8595,2
8592,0
11811,0
11239,0
5894,2
5895,0
11230,0
5899,0
11232,0
11234,0
11236,0
11237,0
8447,2
2128,0
5453,0
4914,2
4910,0
322,0
323,0
9896,2
9891,0
9892,0
9893,0
17269,0
16619,2
16611,2
16615,2
6138,2
18328,0
12763,0
12761,0
12760,0
12767,0
6137,0
6134,2
6135,0
10941,0
10943,2
10944,0
10947,2
10946,2
16476,2
9478,2
9479,0
16473,2
16472,2
16471,2
18952,0
9472,0
9473,0
2659,2
16479,0
16478,2
14314,2
9206,0
18323,0
21165,2
21164,2
2249,2
2246,0
14313,0
2240,2
21346,2
21343,0
21342,0
3400,0
3405,2
3409,0
18951,0
12550,0
362,0
10611,2
10610,2
10613,0
2799,0
10619,0
10618,0
2791,0
2064,0
2797,2
20778,0
18479,0
18470,2
18472,0
17706,0
17707,0
17703,2
17700,0
17701,0
139,2
13141,0
13142,2
20699,2
13144,0
17005,0
20695,2
9781,2
20773,2
9787,2
16655,2
16654,2
18610,2
16652,0
20340,2
20341,0
20344,2
16651,0
20348,0
16650,2
20438,2
20439,0
10114,2
12965,0
15641,2
15640,2
12963,0
12962,2
7096,2
7097,0
7092,2
7093,0
7090,0
6173,2
8105,0
1359,2
8106,0
8103,0
8102,0
464,2
467,2
466,2
8109,0
1356,0
1355,2
8074,0
15468,2
6488,2
19912,2
6951,0
6952,0
6953,2
6486,0
15464,0
15467,0
15394,0
12559,0
8361,0
8364,2
8367,0
8366,2
10289,0
3184,2
3187,0
3180,2
3189,0
11397,0
11396,0
4019,2
13709,2
11393,0
11390,0
4012,2
13704,2
4014,2
19432,0
19433,0
3989,2
19435,0
3984,0
3985,2
3980,2
3982,0
9408,0
16288,2
281,2
16282,0
16283,2
16284,2
284,0
16286,0
16287,0
2476,0
2475,0
2474,2
2471,2
2470,0
2479,2
2478,2
7874,0
7875,2
7876,0
7870,2
7872,0
7879,0
16868,0
16865,2
6309,2
12159,2
12154,2
12155,0
12156,0
6306,2
6301,2
12152,0
12153,2
10130,2
10429,2
10423,0
9315,0
9314,0
9313,2
9312,2
9311,2
9642,2
8956,2
18863,0
18860,2
18861,0
18867,0
18865,0
8151,0
2902,0
1631,0
3216,0
1633,2
1634,0
1983,0
1638,2
1639,2
3219,0
15462,0
2815,0
2908,2
2810,2
2813,0
560,2
562,0
2819,0
2818,2
18283,2
18280,0
5429,2
1188,2
3378,0
3377,0
1184,0
5426,2
1182,2
3372,0
3371,2
5422,2
13958,0
4246,0
4245,2
4240,2
13950,0
5520,2
5522,2
5523,0
18138,0
5525,0
5526,0
5528,2
18135,0
48,2
49,0
46,0
47,0
45,0
42,0
40,0
41,2
7287,0
6547,2
6546,0
6541,0
6540,2
16835,2
15078,2
15079,2
16834,2
16343,2
19492,0
18243,2
8806,2
7840,2
7517,2
345,0
7514,0
7512,0
342,0
343,0
349,0
7519,2
7518,2
19375,2
19374,2
19377,0
16672,2
16675,0
14921,0
19373,0
16676,0
16679,2
16678,2
19379,0
19378,0
12701,0
12703,2
12702,0
6154,2
12704,2
12706,2
12102,0
10966,2
10964,2
10963,2
12101,0
10961,0
10960,0
21100,2
21103,2
4524,0
21105,2
21106,2
21109,2
4523,2
16496,2
16490,2
16493,0
16492,2
6586,2
7992,0
8209,0
6478,2
2268,0
7997,0
2260,2
2266,2
8204,0
2265,0
8205,0
7994,2
11268,2
11635,2
9434,0
2046,0
4812,0
4810,2
2042,2
4816,0
17875,0
11630,2
4819,2
4818,2
17876,0
2048,2
2049,2
9410,0
11617,2
11614,2
11088,0
9414,2
9415,0
9417,2
17870,0
11633,2
10633,0
10632,0
11619,2
18459,0
11946,0
14131,0
11945,0
18456,0
18455,0
11941,0
17728,2
17723,0
9610,2
18066,0
20419,2
20414,2
20415,2
20412,2
8236,2
10092,2
10090,2
10097,2
10096,0
10095,0
10094,2
10099,2
10098,0
13186,2
13187,2
20658,2
12949,2
15668,2
12940,0
15667,2
15666,0
15664,0
7078,2
7079,2
7074,2
7075,0
7076,2
7077,2
7070,0
7071,0
7072,2
7073,2
14394,0
14395,0
14393,2
18638,0
15447,0
15914,0
8160,0
8167,0
6970,0
15912,2
16774,0
15918,0
15448,0
19273,0
8388,2
14885,0
8686,0
12061,2
4389,2
4388,2
4380,2
4387,2
4386,0
4385,2
4384,2
407,2
406,0
405,2
404,2
1375,2
402,0
401,0
1379,0
1378,2
12067,2
409,2
408,2
8684,0
4031,0
13721,0
4033,0
4036,0
4039,0
4038,0
11378,2
11374,0
11377,2
11371,0
11370,2
11373,0
11372,0
19418,2
19419,0
5078,2
19410,2
19411,0
19412,0
19142,2
11156,2
2459,2
2458,2
7850,2
7851,2
7855,0
16808,2
16809,2
16802,2
16803,2
16800,2
16801,2
16806,2
16807,2
16804,2
6369,0
6368,0
194,0
12132,0
12133,2
6361,0
12131,0
12135,0
9335,2
9334,2
10402,2
10403,0
10156,0
9330,2
9333,2
10155,2
10158,0
9339,2
9338,0
9628,0
9625,2
18849,0
7331,2
18840,2
18842,0
3225,0
14093,2
1971,0
14091,2
3222,0
14099,0
1616,0
5194,0
3239,0
5191,0
5190,0
1610,2
5192,0
13265,0
13266,0
13261,0
13263,0
13262,0
18435,2
13269,0
2873,2
2872,2
2877,2
11962,2
14270,0
3351,0
3352,0
2546,0
5443,2
5442,0
5441,2
5440,0
5447,0
5444,2
7359,2
11118,0
18158,2
5508,0
18152,2
5507,0
5505,0
5502,2
18157,2
5500,2
5501,2
543,0
12799,0
546,2
547,2
545,0
548,2
6155,2
12579,0
6568,2
15055,0
15056,2
3322,0
15052,2
6562,0
7687,0
7686,2
7684,0
7682,2
7681,2
15253,0
12570,2
3825,0
3821,0
13739,2
3327,0
5001,0
3828,2
9156,0
8441,0
8448,2
8449,2
7539,0
369,0
366,0
7534,0
7531,2
2761,2
361,2
19351,0
19357,2
16658,0
16125,0
16656,0
19359,2
16126,0
16653,2
16120,0
16123,0
16122,0
6178,2
6179,2
6177,0
12725,0
6175,2
6172,2
12722,0
12721,2
10989,2
10988,2
16407,0
10985,0
20071,0
10980,2
10983,2
9488,0
16955,0
21129,0
21128,0
16957,0
21123,2
21122,0
3217,0
2202,0
2203,2
2205,2
2206,0
9489,0
11587,0
11580,0
7907,0
16505,0
11588,2
6271,2
21388,2
21382,2
21387,0
21386,2
21385,2
17298,0
17529,0
6275,2
16052,2
17523,2
17292,0
12246,0
13458,0
4525,0
6276,2
4835,0
4521,2
7993,0
21192,2
7990,2
11638,0
11639,0
9438,2
6278,0
9437,2
11636,2
11637,2
9432,0
9433,0
9431,0
5299,0
5296,2
5297,2
5295,0
5293,0
5291,0
13184,0
17748,0
17749,0
13180,2
13182,0
20657,2
20654,2
20655,2
17746,0
13189,0
20650,2
20651,2
12613,2
6419,2
8141,0
6621,0
15939,0
20384,2
20385,2
20386,2
20380,2
20381,2
20382,0
20388,2
20479,2
20473,2
20470,2
20471,2
20476,2
20474,0
7337,0
9293,0
9296,0
7332,2
9294,0
7330,2
9299,2
7338,2
18430,2
18433,0
18432,2
11960,0
18437,0
18438,2
11968,2
15601,2
15600,0
15602,0
15605,0
12924,0
12929,2
10214,0
10216,0
10211,2
10213,0
10219,0
7058,2
9736,2
18389,0
18388,0
18387,0
18383,0
15933,2
15932,0
15930,2
6998,0
6999,2
15934,2
8637,0
8636,0
8635,0
8632,0
2998,0
2999,0
59,0
58,2
21441,2
56,2
2994,0
50,2
53,2
2993,2
9993,2
9992,2
9995,2
9994,2
14516,2
14517,2
11034,2
11035,2
11030,0
11031,2
11039,0
19882,0
420,2
423,2
422,2
424,0
1391,2
19880,0
857,0
850,0
11359,2
11358,0
19163,0
11352,0
3455,0
11357,0
11354,2
19293,0
19290,0
19291,0
19297,2
19294,2
18616,0
4717,0
4711,0
4713,0
6699,2
6697,2
6696,2
6695,2
6694,2
2433,2
2437,2
2435,2
2434,0
7838,2
16357,0
16354,2
16824,2
16825,2
19830,0
19831,0
7830,2
7831,0
7835,2
7836,2
16359,0
6341,2
6340,0
12112,0
12114,2
12115,2
12117,0
6349,2
12119,2
18810,2
17199,0
17196,0
17194,0
17191,0
11036,2
9603,0
9605,2
9356,0
9607,0
9606,2
10171,0
10173,2
10174,2
21244,2
21242,2
21240,2
21248,2
3782,2
8998,0
8999,2
3786,2
3787,2
3784,2
3785,2
8992,2
3788,2
8991,0
8996,0
8997,2
1809,0
8995,2
4990,2
6511,0
12449,0
4998,2
4999,2
3258,0
3259,0
1948,0
1949,0
3251,0
3252,0
3253,0
3254,2
3256,0
13243,0
13242,0
13247,0
13245,0
13244,0
2858,2
2850,2
2853,0
2856,2
5461,2
3332,0
1492,2
5465,0
5464,2
1496,2
1497,2
1498,2
1499,0
14212,0
16275,2
9644,0
20048,0
19957,2
18176,0
11860,0
19959,2
524,0
525,0
521,2
528,2
529,2
8172,0
1234,2
8932,2
1238,2
1239,2
8286,2
8287,0
8289,2
6509,2
6503,2
6502,0
6500,2
6507,2
12514,2
6505,2
6504,2
4903,0
3808,2
3807,2
3806,2
3801,2
3800,0
8467,0
3078,0
7558,0
7552,0
7557,2
7555,0
19331,0
1960,0
19334,2
19625,0
19167,0
4174,0
4175,2
4176,2
4177,2
4170,0
4172,0
4178,0
15082,2
995,2
9271,2
7391,0
2228,0
2227,2
2224,2
2225,0
2221,2
1,0
5925,2
5926,2
5922,2
9279,0
17506,2
17507,0
17502,0
10053,2
8113,0
7398,2
4505,2
4504,2
13471,2
2089,2
2080,0
11658,0
11657,2
17760,0
17763,2
20670,2
20768,2
20672,2
20673,2
15417,0
20769,0
20679,0
128,0
16136,0
16134,0
20450,2
20907,0
20904,2
20905,0
8117,0
20455,2
20900,2
20457,0
20459,0
19341,0
16646,0
7319,0
7315,0
7314,0
7317,2
7311,0
7310,0
7312,0
12305,0
12304,2
11900,0
12306,2
12301,2
11907,0
11904,2
12302,0
11908,2
11909,0
12309,0
15413,0
15629,0
12908,0
15626,2
12905,0
12904,2
15623,2
12901,2
12900,2
9014,0
9015,0
7032,0
10237,0
10235,2
10238,0
12732,0
21501,0
21503,2
21502,0
15959,2
15489,2
15951,2
15950,0
15481,0
15485,0
15484,0
7789,0
7782,2
6430,0
15707,2
1009,2
1007,2
1003,2
1000,0
9134,0
4349,0
4347,2
4346,2
4345,0
4344,2
4343,0
4341,2
4340,0
11018,2
11019,2
11015,0
14537,0
8615,0
8614,2
8611,2
8610,0
8613,2
8619,2
8618,2
17887,2
11330,0
11333,2
11335,0
11336,2
11338,2
5719,0
5717,0
5716,2
5713,0
5712,2
5711,0
5710,0
9587,2
11487,0
11484,0
11481,2
12473,0
929,0
1471,2
12472,0
16590,2
16591,0
16592,2
16597,0
16598,2
12680,0
12681,2
12683,0
12685,0
12687,0
12688,0
12689,0
10826,0
10827,0
10825,0
10822,2
5092,2
7816,0
7817,0
7814,0
7813,2
7810,0
5094,0
7818,2
21081,2
16374,2
19815,2
16376,2
3572,0
19810,0
16371,2
19812,2
9277,0
9378,2
20988,2
9371,2
9373,2
9372,2
9374,0
21264,2
21265,2
21266,2
21267,2
21260,2
21261,0
21262,2
1824,2
1820,2
2411,0
2410,0
2417,0
2419,0
4976,0
4970,0
4972,2
4229,0
12485,0
15885,2
1920,0
3277,0
3275,0
1924,2
3273,0
3271,0
14055,0
4227,0
15736,0
13223,2
13225,2
13224,2
24,2
18994,0
18995,0
14941,0
14949,2
5585,0
3313,2
5483,2
5481,0
20021,0
20025,0
256,0
12400,0
15366,0
64,2
65,2
66,2
68,0
15365,0
11896,2
5328,0
508,2
509,2
506,2
504,0
505,0
502,0
1212,0
1213,0
1210,0
1216,0
1217,0
6521,2
15547,2
15012,2
15545,0
6525,0
8269,2
15540,0
15017,0
8264,0
6528,2
8262,2
19837,2
19832,0
19833,0
16826,2
3860,2
3867,2
3865,0
3864,0
8409,2
8401,0
8405,0
8406,0
8407,2
14930,2
9818,2
7577,0
7576,0
9814,0
9810,2
9812,2
8814,2
3934,0
19839,0
12110,2
14285,2
4519,2
4153,0
4156,0
4157,2
4155,2
6346,0
4513,0
9741,2
18997,2
6719,0
11090,2
6714,0
9429,2
8339,2
5902,0
8211,0
5900,0
5901,2
5906,2
19644,2
19647,2
5905,2
19649,2
19648,2
5908,0
5909,2
15386,0
19318,0
17562,0
3480,2
17568,0
3482,2
8214,0
4562,2
4560,2
8217,0
9423,0
18992,0
11679,0
17788,2
17776,0
17787,2
17784,0
17785,0
17782,0
17780,0
17809,0
7659,0
9604,0
16787,0
16783,0
9354,2
16788,0
6065,0
12091,0
12093,0
9608,0
12098,2
2604,0
1569,2
2606,0
2602,2
20925,0
20926,2
20927,2
20920,2
2609,0
20922,0
10781,0
10787,0
10786,0
10784,0
10037,2
10788,0
10032,2
7379,2
7370,0
12321,0
11920,0
11923,2
11925,2
10258,0
9030,2
9031,2
9034,2
7014,0
7012,2
7013,0
7011,0
21523,0
21521,0
18699,2
18698,0
757,0
756,2
6086,0
754,0
758,2
2958,0
2959,0
2954,0
2955,0
2956,0
2950,0
2951,0
2952,0
2953,2
5345,0
5346,2
5340,2
1020,2
5342,2
1022,0
1029,2
5349,0
1197,0
10328,2
4365,0
4364,2
4361,2
4360,0
4363,2
4369,0
18037,0
18036,0
1808,0
18038,2
11078,0
20618,0
14550,2
3107,2
11076,0
11074,0
3103,0
8672,0
8670,0
8677,0
8676,0
8674,0
8678,2
15979,2
4092,2
4091,0
4097,0
4096,0
4094,2
4099,0
4991,2
5734,0
5737,0
5731,2
5732,0
11317,2
11315,0
11314,0
5739,0
5738,2
19128,0
9868,2
19122,0
1563,0
19127,2
20910,2
15205,2
15204,0
15207,2
8094,0
12521,2
15200,0
12523,2
12529,0
15208,2
8098,0
11145,2
19788,2
19784,2
16577,0
19786,0
19787,2
19780,2
19781,0
16570,2
11143,0
6659,0
6658,0
6657,0
12667,0
12664,2
6653,2
12663,0
12660,0
12661,0
10808,0
10809,0
10805,2
6385,0
6384,0
16318,0
16319,2
6382,0
16312,2
21067,0
19870,0
21065,0
16317,2
19874,0
16315,2
2380,2
2383,0
2385,2
2386,2
21208,2
21209,2
21202,0
21203,2
21201,0
21206,2
21205,2
1849,2
1842,2
1847,2
1846,2
1845,0
4952,0
2167,2
4956,2
7308,0
4954,2
4955,2
1946,2
3298,2
17042,0
3295,2
5134,0
1902,0
17048,0
13206,0
13205,0
13204,2
13203,2
13201,0
13200,0
12063,2
18426,0
14963,2
14962,2
14960,2
14967,2
14785,0
14968,2
20005,0
20001,0
20552,0
20558,2
20008,0
8567,0
9352,2
12546,0
2047,2
8565,2
15263,0
8562,0
12933,2
15780,2
15782,2
6894,2
15617,0
17302,0
17301,0
17306,0
1271,2
1272,0
10902,0
1276,0
1277,2
8799,2
15550,0
15569,0
8791,2
8240,0
8793,2
8246,0
15561,2
8796,0
8797,0
1494,2
3336,2
8426,2
8424,2
8425,2
8428,0
5469,0
17431,0
9839,2
7596,0
17433,0
7593,0
9834,0
5034,2
4139,0
4132,0
4437,2
5692,2
3840,2
3843,0
7918,0
5694,0
3846,2
4431,0
9746,0
5377,0
4438,2
5968,2
5969,2
16149,0
16148,0
5960,2
19666,2
16145,0
16143,0
16150,0
16141,2
5967,2
16513,0
17239,0
17236,0
17543,2
17544,2
17233,0
17547,2
4544,2
1072,0
6638,2
11696,2
11690,2
20639,2
2596,0
6287,2
2590,2
2591,2
2593,2
20630,2
20632,0
20634,2
183,2
6635,2
6042,2
6043,2
6041,2
6047,2
186,2
6048,2
187,2
2620,0
20949,2
8606,0
20835,0
20946,2
20947,2
6982,0
9582,0
7353,0
10018,0
7355,0
7354,0
9234,0
7358,2
9588,2
9237,2
9230,0
9231,2
9232,2
12341,2
12340,0
12345,2
12344,0
12346,2
10272,2
9059,2
9051,0
9053,2
9056,2
21541,0
20494,2
20496,0
20497,2
20490,2
20493,2
20498,2
20499,2
774,2
776,2
773,2
778,2
75,0
2979,0
71,2
2973,0
2970,0
2971,0
2976,0
5363,0
5360,2
1040,0
1047,2
5367,2
1044,2
4303,0
4302,2
4301,0
4307,2
4306,2
4304,2
11051,0
14573,2
18017,0
11056,0
18014,0
11058,2
11059,2
3128,0
3129,0
17849,0
17848,2
3122,0
17847,0
8658,0
15995,2
15997,0
15996,2
8654,0
15993,0
8656,0
5752,0
5751,0
5750,0
5757,0
5756,0
5755,0
5758,2
15194,0
15197,2
15190,2
15193,2
9316,2
15198,0
3441,0
3442,0
15223,0
2024,0
15221,2
12507,0
12506,2
12505,2
2757,2
12509,0
2754,2
74,2
7432,2
7433,0
2752,2
7438,2
7439,2
16554,2
16555,0
16133,2
16551,2
12644,0
12645,2
16088,0
12647,0
12641,0
6673,2
6672,2
17948,0
6679,2
12649,2
13633,0
4605,2
10868,0
10867,0
10864,0
21044,2
21045,2
21046,0
19505,0
16886,2
21041,0
19500,0
16885,2
16339,2
16888,2
21049,2
19509,0
2366,2
2365,2
21221,2
21222,2
21224,2
21227,2
21228,0
1861,2
1863,0
1862,0
17682,2
3721,2
17688,2
4686,0
4687,0
4933,0
4934,2
4937,0
4938,2
4689,0
11734,0
2109,2
2108,0
11730,2
11733,2
2102,0
2101,2
2107,0
11738,0
5114,2
5117,0
15031,0
5113,0
5112,0
5119,0
14012,0
6506,2
20797,0
17062,0
20795,0
20794,2
17067,0
20792,0
20791,2
18564,0
20798,2
9,2
10484,2
14909,0
894,0
895,0
896,0
899,2
14903,0
16331,0
14904,0
14907,0
19946,0
19943,2
1789,2
1783,2
1785,0
1787,2
15768,2
15769,2
6877,0
6875,2
6874,0
15762,2
6872,0
18225,0
18222,0
18223,0
18229,0
14805,0
8220,0
8221,2
8222,0
8224,0
679,0
8226,2
8227,2
8229,2
677,0
18527,0
15501,0
16336,2
7609,0
7605,0
7604,0
7603,0
7600,0
2490,2
18832,2
18654,0
9850,0
9853,0
9858,0
1524,2
1525,2
1526,0
1527,2
1252,0
1251,2
9177,2
1528,2
1529,2
1258,2
4117,0
4115,2
4113,2
4111,2
7894,2
9175,0
10048,0
5946,0
5947,0
16475,0
5945,2
9265,0
11508,0
11506,2
11504,0
11505,2
11503,2
11500,2
5949,2
982,0
10041,0
10734,0
984,2
15280,2
16103,0
17216,0
17212,0
6020,0
6023,0
6025,0
6027,2
2648,0
16100,2
10074,2
10076,2
2645,2
2647,0
18783,0
9218,0
9210,0
9217,2
12364,2
12362,2
12368,0
16179,0
9076,0
9074,2
9075,0
10299,0
10291,0
10292,2
21567,0
21565,0
21562,2
21568,0
3557,2
3556,0
3554,0
3553,0
3559,0
20968,2
20969,2
2912,2
2915,2
2916,2
718,0
2918,2
2919,2
715,2
714,0
712,0
5308,2
1068,0
5300,2
1063,2
5303,0
1065,2
1066,2
13014,2
13011,2
10750,0
13019,2
4328,0
4323,0
4327,2
18079,0
3142,0
18071,0
18075,0
20216,0
20217,2
20215,2
20213,2
20210,0
17863,0
17860,0
17867,0
17866,0
17864,0
5410,2
4623,2
12705,2
10754,0
18520,0
10755,2
6957,0
12569,2
15240,2
12563,0
12562,2
12564,0
15247,2
15246,0
7413,2
7410,2
16533,2
16531,2
16538,2
12623,0
12620,0
12621,0
12627,0
12624,2
12625,0
12628,0
12629,0
10840,2
10841,2
10843,0
10845,2
10847,0
10848,2
10849,0
7275,2
21022,2
21023,0
19529,0
21028,2
5086,2
14569,2
12191,0
3507,0
12195,0
12197,0
2344,2
2347,2
2346,2
2340,2
2342,2
2348,2
16213,0
1889,0
3702,0
1886,0
1885,0
3701,0
17661,2
17660,2
3704,0
1880,0
2121,0
15357,0
4918,0
2126,0
4664,0
4665,0
4666,2
12435,2
4662,0
4911,2
11713,2
11711,2
6445,0
11717,0
11714,2
6442,0
15352,0
5172,0
5171,0
5177,0
5176,0
5175,0
10737,0
6913,0
130,2
20779,2
136,0
135,0
134,2
17001,0
17000,0
17003,0
20776,2
7003,2
17004,0
17007,2
9689,0
9681,0
9680,0
9682,2
15729,2
20515,2
20514,2
20517,2
7250,2
7253,0
7259,2
6855,0
6856,0
6850,2
6853,2
6852,2
6859,2
18592,0
89,2
82,2
83,2
80,2
81,0
86,2
87,2
85,2
14630,2
15349,0
18242,2
14926,0
14293,0
14923,0
14922,0
8802,0
14298,0
18249,2
8808,2
6583,2
15521,2
6581,0
15523,2
16015,2
15527,0
15528,0
8755,0
8756,0
8757,0
8750,2
7627,0
7626,0
7621,2
7620,2
7622,2
7629,0
16363,2
16367,2
18423,0
9878,2
9874,0
9875,2
9872,0
7821,2
11154,2
19808,0
11153,2
1502,2
1500,0
1506,0
3085,2
3086,0
3080,2
19470,0
3884,2
3886,2
13188,0
18736,0
11526,0
11527,0
15356,2
11522,2
11523,0
20653,0
11528,2
11529,2
15093,2
19073,0
8777,2
6996,0
9918,0
10638,0
19955,0
16274,0
16277,0
19950,0
16279,0
16278,0
20671,2
6005,2
6003,0
17117,0
17273,0
17277,0
17274,0
17275,0
17279,0
9270,2
7394,0
9272,2
9273,2
991,0
10058,0
9278,2
10724,0
10054,2
10721,0
10052,2
12389,2
12386,0
21271,2
12383,2
12382,2
10634,0
21277,0
9098,2
9097,2
9090,0
9091,2
19017,0
3579,2
3578,2
17491,0
3575,2
5091,2
3577,0
3571,0
5095,2
3573,0
17499,0
2666,2
2667,2
2664,2
4494,2
4493,0
2663,2
2660,0
20989,0
20984,2
20982,0
20983,2
4498,0
2938,2
2933,2
2930,0
5327,2
11898,2
5323,0
5321,2
11894,0
11895,2
14604,0
18585,0
11891,0
11892,0
11893,0
20186,0
20187,2
1747,2
20180,2
20181,2
20189,2
13039,0
13036,0
13037,2
13031,2
13032,2
11095,2
3796,0
18721,2
18052,2
18050,0
16119,2
11098,2
18728,0
17802,2
3168,0
3166,0
17808,2
3161,2
2154,2
20234,2
20235,2
20237,2
20233,2
731,2
733,0
732,0
735,0
734,2
736,0
739,2
12648,0
15005,2
11830,0
12815,0
12814,0
15265,2
15264,0
8563,0
12810,0
12813,0
12540,2
20902,0
12818,0
8569,0
7470,2
7472,2
7474,2
7475,0
7476,2
7477,0
16518,2
16510,0
19727,0
16512,0
19097,0
19723,2
19092,0
16041,2
6639,0
12609,0
15002,2
12600,2
6630,0
12602,0
6632,0
12604,0
12605,0
6636,2
15001,0
21000,0
19540,0
19546,0
21007,0
2298,2
2323,2
2322,0
2320,2
2326,0
2325,0
4700,0
8193,0
4708,0
3760,2
3762,0
3763,2
3764,2
3765,2
3768,2
17643,2
17640,0
17644,2
2499,0
4648,0
4649,2
2491,0
13552,2
4640,0
2492,2
2494,2
4644,2
2496,2
19895,0
19890,2
19892,0
7899,0
11771,0
7897,2
11773,0
7895,0
7893,0
7891,0
17027,0
17025,0
17023,0
5154,0
17028,0
111,2
110,0
113,2
20753,2
20757,2
165,2
8197,0
20775,0
20535,2
20533,2
20532,0
20531,2
18418,0
18415,0
10962,2
7272,2
15270,2
7276,2
7277,2
8553,0
7278,2
7279,2
15274,0
12555,0
15723,2
15892,2
6830,2
15894,0
8554,0
15896,2
15897,2
15898,2
15899,2
12557,0
10556,2
10555,0
10553,0
10551,2
20771,2
10559,0
8007,2
16454,2
8823,0
8826,2
8829,0
20770,2
18910,0
8778,0
16457,0
15090,2
15091,0
8771,0
15094,2
15095,0
15096,0
7643,0
7642,0
7647,2
15621,0
7644,0
7030,0
8096,0
7031,0
17330,0
1740,0
1741,0
9133,0
9012,2
6976,0
11173,2
11171,2
14201,0
11177,0
9135,2
11175,0
11174,0
11179,0
14418,0
5491,0
1568,2
17449,0
1298,2
1299,0
21097,0
17448,0
1292,0
1293,2
1562,0
1291,0
1564,2
9139,2
1566,2
1567,2
10640,0
5632,2
8480,0
8481,2
8487,2
8488,2
8489,2
